1
1000 10000
679 516 1
854 34 1
632 490 2
11 477 2
180 494 1
110 988 2
573 831 2
655 270 1
178 266 2
458 673 1
217 763 2
574 867 1
967 142 2
219 710 1
451 533 2
623 225 2
638 734 1
837 400 2
373 749 1
339 151 2
88 408 2
276 836 2
887 456 1
278 455 2
590 499 1
501 626 2
696 765 1
123 428 1
398 900 2
744 465 1
139 390 2
480 504 2
547 294 1
129 102 1
358 630 2
457 981 1
535 108 2
645 998 1
230 996 2
277 732 1
843 645 2
663 418 2
879 586 1
27 411 1
223 373 1
536 866 2
41 260 1
944 416 1
844 555 1
556 873 1
389 192 2
599 403 1
430 483 1
23 312 2
757 190 2
452 424 2
47 322 2
787 343 2
537 141 1
982 178 1
782 856 2
77 29 2
759 147 2
391 195 1
734 14 2
491 792 1
371 30 2
907 649 1
922 645 1
916 88 2
92 123 2
362 859 1
614 111 2
437 862 1
831 210 2
195 634 2
321 237 2
339 345 1
678 293 1
62 979 1
943 397 2
898 928 2
529 844 1
221 9 1
306 135 1
976 972 2
541 798 2
735 712 1
599 724 1
687 692 2
755 133 2
505 300 2
535 507 2
566 915 1
63 46 2
363 392 2
148 832 2
683 207 1
50 781 2
644 52 1
499 355 2
671 288 1
618 729 2
98 295 2
376 257 1
678 856 2
581 505 1
889 18 1
444 642 1
337 897 1
357 331 2
446 414 2
826 351 1
746 345 1
798 596 2
144 564 1
745 975 2
156 970 1
844 978 2
187 818 2
372 790 2
92 294 1
192 602 2
857 974 2
309 761 1
409 87 2
745 854 2
847 996 1
960 994 2
635 549 2
872 735 1
424 874 1
643 155 1
146 712 1
196 378 2
881 763 2
875 593 2
262 29 2
437 802 2
290 801 1
225 504 2
975 972 1
981 555 1
684 748 2
27 558 2
729 703 1
688 710 2
284 592 1
199 494 1
622 471 2
333 814 1
836 203 1
33 483 1
295 337 2
685 494 2
121 925 2
109 822 2
272 214 2
249 133 1
502 272 2
840 245 2
872 910 2
537 800 1
348 567 2
817 369 1
482 902 1
71 649 2
763 476 1
244 163 2
411 968 2
418 274 2
937 234 2
31 947 2
800 384 2
343 672 1
308 458 2
621 829 1
251 831 1
827 830 1
126 194 2
79 226 1
610 352 2
740 671 2
902 655 2
882 160 2
212 136 1
678 391 1
230 99 1
123 558 2
257 994 1
593 856 2
182 35 2
487 383 1
29 679 1
729 996 1
195 824 1
550 553 2
9 92 1
414 860 2
164 662 1
432 194 2
31 749 2
282 75 2
954 682 1
487 383 2
136 840 2
49 503 1
482 44 1
764 825 2
171 76 2
795 102 1
978 60 1
109 789 2
516 687 1
798 153 1
596 514 1
755 768 1
670 295 2
79 568 2
435 142 2
274 893 1
991 680 2
759 322 2
625 872 2
649 787 2
631 44 2
779 279 1
146 448 2
233 311 1
997 936 2
621 340 1
543 205 2
425 634 2
607 634 2
407 690 1
514 75 2
296 519 1
571 535 2
198 908 2
138 806 1
388 789 2
686 283 2
539 491 2
418 813 1
134 652 2
240 18 2
485 376 1
324 872 2
696 39 2
514 955 2
899 813 2
125 850 2
358 214 2
886 756 2
439 584 2
228 298 1
218 902 2
282 528 2
188 142 2
260 115 2
900 782 1
265 140 1
880 712 2
858 533 2
205 64 2
414 401 1
206 4 1
700 35 2
188 193 2
637 979 2
699 419 2
440 924 1
345 317 1
80 551 2
312 786 1
173 366 1
742 372 2
323 972 1
639 599 2
121 388 2
37 538 2
236 48 2
503 819 2
239 897 2
549 695 2
251 866 2
643 534 1
691 726 1
622 947 2
634 87 2
64 795 1
877 294 1
763 996 1
849 686 2
300 418 1
160 321 2
670 847 2
817 22 1
338 908 1
92 166 2
919 239 2
306 111 2
58 807 1
343 793 2
190 798 1
988 813 2
910 38 2
172 957 1
232 543 1
271 144 1
40 43 2
718 548 1
62 997 1
183 585 2
159 268 1
309 201 1
184 330 2
248 14 2
569 496 1
386 239 1
649 223 2
306 958 1
995 652 2
242 164 2
635 612 2
889 792 2
380 607 1
740 262 1
706 659 2
708 454 2
264 414 1
807 830 2
654 783 1
735 415 1
745 60 1
429 258 1
585 235 2
223 416 1
617 867 2
45 493 1
753 698 2
962 340 2
618 544 1
201 954 2
671 634 1
424 898 2
143 502 1
60 773 1
229 653 2
787 789 1
300 73 2
845 651 1
103 293 1
175 937 1
841 404 2
638 233 1
551 641 1
269 152 1
396 514 2
955 888 1
164 849 1
322 932 1
733 358 2
961 65 1
436 915 1
767 974 1
379 944 2
772 859 1
165 41 1
532 485 1
676 733 2
739 986 2
484 449 1
711 586 1
275 449 2
764 586 2
277 399 1
947 432 2
203 875 1
799 338 1
312 290 2
71 377 1
840 669 2
376 660 2
708 225 2
780 819 1
437 567 2
213 953 2
884 432 2
778 393 2
1 656 2
113 699 2
335 988 2
88 333 1
955 425 1
181 602 1
702 200 2
502 114 2
789 317 2
961 272 2
790 451 2
329 456 1
300 72 2
571 240 1
750 519 2
66 640 2
574 651 1
588 450 1
50 376 1
571 263 2
758 457 1
834 443 1
596 126 1
376 903 2
282 154 1
743 183 1
676 304 1
102 585 1
36 922 1
444 497 2
62 646 2
778 990 2
158 61 1
875 754 1
809 441 2
369 516 1
590 537 1
7 917 2
232 698 1
344 502 2
66 392 2
689 652 1
81 430 2
112 556 1
501 160 2
576 508 1
66 898 1
791 969 1
400 265 2
53 308 2
811 760 1
789 282 1
981 251 2
106 852 2
366 381 2
674 204 1
877 842 1
438 304 1
747 685 1
881 782 2
658 823 2
399 12 2
72 253 2
235 101 2
759 124 2
123 682 2
941 531 1
75 830 2
604 388 2
819 95 1
85 685 2
985 614 2
262 932 2
670 341 1
584 436 1
693 941 1
331 138 2
471 697 2
5 413 1
994 689 1
788 800 2
419 741 1
156 707 2
373 166 1
148 278 1
602 913 1
850 811 2
113 866 1
77 330 2
792 579 2
373 692 2
584 895 2
419 4 1
345 206 1
111 402 1
304 913 1
928 42 2
54 335 1
119 319 2
624 151 1
519 220 1
822 11 1
90 837 1
573 70 2
789 614 2
477 117 2
976 980 1
933 312 1
482 649 1
451 12 2
922 723 1
968 515 2
830 156 2
498 361 2
521 694 2
502 190 1
927 660 2
807 615 1
866 124 1
121 823 1
479 293 1
851 20 2
966 706 2
808 39 2
882 836 1
158 652 1
942 673 1
149 270 1
134 219 1
975 917 2
50 496 2
668 250 1
364 919 1
204 685 2
554 406 1
353 146 2
628 922 1
122 353 1
133 383 2
516 817 2
589 217 1
936 383 1
390 794 2
764 21 2
826 577 2
902 572 1
63 268 2
717 647 2
585 34 2
652 208 1
549 52 2
71 93 2
85 192 2
137 782 2
682 875 1
269 867 2
980 251 1
610 712 2
233 70 1
694 280 2
676 10 2
380 999 2
380 74 1
876 924 2
959 129 1
480 306 1
121 212 2
839 286 1
181 331 1
257 476 1
11 747 2
534 379 2
953 310 2
227 576 1
677 188 2
129 314 1
437 82 2
706 81 2
896 738 2
38 53 2
135 669 1
78 43 2
885 862 1
270 490 2
533 591 1
608 126 1
173 233 2
338 446 1
606 13 1
866 417 2
198 292 1
360 27 1
702 980 2
80 883 1
848 26 1
284 1000 1
892 196 2
942 309 1
485 922 2
229 846 2
71 366 2
181 332 2
622 716 1
630 682 1
906 604 1
455 307 2
506 326 2
589 206 2
378 444 1
268 846 2
505 11 2
260 194 1
805 624 1
632 793 1
910 360 1
162 880 1
931 917 1
778 896 1
340 947 1
412 237 2
881 54 1
322 912 2
782 801 2
549 378 2
305 604 2
910 379 2
906 811 1
728 794 2
486 149 2
939 58 1
495 614 1
526 598 2
387 127 2
60 203 2
115 381 2
137 972 1
116 287 1
25 570 1
345 436 2
771 325 2
301 458 1
455 581 2
31 131 1
716 493 2
871 719 2
734 200 2
445 28 1
855 429 2
601 7 2
812 399 2
273 954 1
231 803 2
644 754 2
781 907 1
295 568 2
307 255 1
784 254 1
532 644 2
578 374 1
743 578 2
921 514 2
949 821 1
154 58 1
706 269 2
169 556 2
974 500 2
218 151 1
986 145 1
860 335 2
635 440 2
3 799 2
307 206 2
945 349 1
354 526 2
151 294 1
328 262 1
206 303 1
371 692 2
312 902 1
843 723 2
441 847 1
329 282 2
36 813 1
213 221 1
934 52 2
413 416 2
44 195 1
81 227 1
450 828 2
874 720 2
138 993 2
907 644 1
939 168 1
283 409 1
164 491 2
758 145 1
545 809 2
65 533 2
880 638 2
602 434 2
973 112 1
889 104 2
908 685 2
820 915 2
397 378 1
339 533 2
162 526 2
199 347 2
361 466 1
830 927 2
798 475 1
616 832 1
142 744 2
968 745 1
341 163 1
935 184 2
605 191 1
346 626 1
43 647 1
80 447 2
926 588 2
320 57 1
895 105 2
929 338 2
742 890 2
150 849 2
318 87 2
142 493 1
619 426 2
447 858 2
538 30 2
536 791 2
712 359 1
168 27 1
190 785 1
780 103 2
169 32 2
642 471 1
904 82 1
743 353 1
429 734 1
838 84 2
131 904 1
974 322 1
235 420 2
441 50 2
567 439 2
12 485 1
267 838 2
318 886 1
887 951 2
300 48 1
850 170 2
195 659 1
790 858 2
758 984 1
672 779 1
501 506 1
413 113 2
550 917 1
986 116 1
381 446 2
324 129 1
935 650 1
728 784 1
181 135 2
260 760 2
159 396 2
394 464 2
412 193 1
182 644 1
932 829 2
597 326 1
341 703 1
179 219 2
291 38 2
811 535 2
63 642 2
81 14 2
32 590 2
668 637 1
230 584 2
789 982 2
905 426 1
487 161 1
783 75 2
730 657 1
469 1 1
693 718 2
569 919 2
773 895 2
939 484 2
507 538 1
400 839 1
83 245 1
628 808 2
57 328 2
595 910 1
426 627 2
465 256 1
364 217 1
557 869 2
320 162 2
129 91 2
804 816 1
609 94 1
523 734 1
442 295 2
660 324 1
512 403 2
972 634 2
248 128 2
276 328 1
277 515 1
889 641 1
876 352 1
804 141 2
936 907 1
503 625 2
851 83 1
767 977 1
672 870 1
826 419 1
727 6 2
457 289 2
137 305 1
459 982 1
427 757 1
327 625 1
502 13 2
195 665 1
814 111 2
875 300 1
497 449 1
665 336 2
386 223 1
640 199 2
310 11 1
604 782 2
975 17 1
496 527 2
854 691 1
238 89 1
560 911 2
287 690 1
775 29 1
999 772 1
519 718 2
91 947 2
394 113 2
826 263 2
92 320 2
540 471 1
421 680 1
24 90 1
287 112 1
90 548 2
583 934 2
646 606 1
974 53 1
279 857 2
83 679 1
693 941 1
546 140 2
930 264 2
828 1000 2
133 160 2
188 749 1
940 647 2
695 314 2
21 503 1
173 361 2
451 309 2
862 501 1
131 166 2
115 6 2
106 777 1
737 223 1
307 387 2
855 201 2
937 15 1
752 48 1
167 5 2
634 630 1
454 148 1
820 604 2
171 39 2
671 261 2
1000 696 1
765 484 1
242 451 1
356 875 1
451 26 1
180 969 1
914 778 2
970 531 2
573 814 1
17 934 2
96 56 1
83 241 2
789 20 2
639 497 1
785 636 2
98 299 2
994 754 1
316 709 1
509 454 1
478 275 1
879 144 1
334 328 2
953 554 1
328 708 2
58 540 2
607 652 1
465 993 1
84 831 1
939 628 2
858 204 2
151 472 1
444 610 1
919 352 2
94 445 1
235 704 1
599 437 1
185 922 2
303 519 2
40 437 2
184 737 1
618 69 1
957 767 2
127 811 2
578 359 2
853 409 1
845 594 2
300 899 2
945 913 1
417 465 1
700 631 2
19 196 2
948 897 1
932 667 1
874 946 1
693 420 1
94 451 1
577 886 2
995 737 1
164 263 1
924 560 2
326 202 1
442 821 2
119 567 1
400 521 2
372 441 2
431 695 2
964 770 2
235 822 1
956 747 1
480 12 1
529 610 2
961 73 2
907 543 1
12 55 1
622 517 1
702 291 1
306 260 2
594 25 2
73 726 2
550 657 1
220 111 1
185 304 1
262 468 1
266 363 1
252 358 2
722 425 1
251 198 1
174 987 2
467 939 2
304 947 1
437 737 2
934 654 2
723 204 2
480 738 2
985 121 1
112 57 1
219 863 1
468 709 2
761 963 1
757 81 1
448 899 2
17 157 1
978 316 2
889 744 2
180 936 2
513 458 1
872 859 2
50 160 1
726 704 2
212 948 1
158 178 1
269 503 1
582 943 2
64 658 2
916 874 1
411 167 1
99 118 1
616 691 2
646 564 2
882 695 2
619 572 2
425 287 1
351 885 1
831 899 2
142 269 1
656 432 1
111 690 2
753 92 2
248 4 2
352 427 1
263 945 2
129 4 1
889 4 2
48 566 1
927 249 1
165 857 2
715 605 1
50 37 1
945 504 1
387 780 1
111 881 1
430 460 2
253 506 2
482 814 1
212 965 2
413 899 1
321 675 2
28 951 1
854 781 2
754 66 1
436 442 2
591 468 2
302 255 1
196 728 2
950 158 2
899 260 2
820 433 1
999 3 1
959 229 1
517 726 1
62 103 1
689 334 1
105 432 2
250 841 2
308 52 1
160 954 1
740 995 1
575 848 2
858 417 2
905 435 2
789 792 2
324 185 1
288 67 2
564 568 2
483 364 2
473 410 2
521 615 1
148 14 2
824 450 2
408 656 1
223 160 2
396 42 1
239 148 2
953 597 2
432 120 1
667 457 1
927 408 2
845 340 1
144 716 2
88 319 2
539 888 2
626 659 2
370 442 2
905 112 1
476 826 2
772 413 1
995 358 1
814 430 2
717 63 1
852 858 2
213 705 1
291 536 1
554 416 1
370 165 1
549 194 2
899 178 2
429 602 2
918 760 1
755 846 1
184 359 1
661 123 1
44 479 1
212 675 1
456 744 1
460 549 2
453 759 2
637 626 2
555 432 1
429 848 2
2 689 2
365 594 2
519 119 1
216 773 2
850 336 1
159 809 1
869 239 2
275 653 1
460 172 2
652 989 1
605 973 1
629 784 2
625 330 2
554 249 2
140 304 2
481 26 2
353 346 2
747 882 1
822 319 2
533 897 2
61 659 1
979 569 2
119 618 1
309 522 2
739 174 2
391 922 2
460 744 1
592 954 1
237 253 2
784 530 2
743 512 2
293 209 2
693 862 1
385 903 2
193 943 2
26 801 2
579 945 2
979 441 2
56 909 1
370 556 1
70 938 1
794 439 1
497 893 1
266 668 1
904 381 1
970 764 2
871 503 2
560 205 2
99 669 2
900 343 1
761 211 2
176 965 1
554 928 2
328 817 1
659 836 2
595 132 2
938 178 1
174 353 2
475 166 1
541 127 1
759 395 2
893 500 2
445 494 2
58 815 2
298 383 2
207 632 1
25 965 1
877 111 2
687 225 2
159 406 2
376 664 2
998 988 1
605 539 1
81 327 2
718 952 1
567 445 1
303 406 2
36 311 1
777 897 2
322 114 1
959 82 2
454 670 2
449 625 1
10 362 1
857 762 2
564 645 1
857 231 1
987 788 1
373 311 1
796 669 2
634 845 2
472 792 1
805 406 2
682 90 1
471 892 1
576 319 1
599 535 2
228 847 2
315 995 1
85 101 2
244 92 1
90 51 1
303 236 1
74 519 2
150 291 1
909 17 1
624 866 1
119 344 1
544 441 2
274 501 2
494 35 1
228 686 1
927 677 2
268 937 2
817 398 1
366 763 2
430 45 2
788 47 2
756 569 2
530 678 1
463 112 1
358 488 2
355 18 2
389 152 1
989 449 1
617 315 2
866 696 2
236 403 2
293 683 1
82 865 1
891 398 2
678 837 1
557 182 1
22 429 1
394 795 2
3 899 1
188 214 1
570 432 2
708 840 1
376 225 1
1 595 1
49 794 2
922 159 2
849 862 2
743 922 2
906 581 2
165 621 1
522 477 1
301 910 1
763 643 1
362 477 2
547 119 2
92 355 1
462 271 2
564 289 1
751 196 2
329 280 2
127 625 2
2 93 1
833 985 1
914 904 1
790 90 2
134 529 2
35 684 1
813 84 1
392 671 2
37 74 1
988 323 1
628 792 2
789 786 2
37 878 2
212 884 1
228 823 1
229 892 2
993 651 1
397 822 2
172 461 2
380 54 1
129 652 2
793 660 2
554 720 1
550 358 1
21 615 2
571 394 2
841 131 1
617 575 2
777 901 1
540 72 2
183 936 1
503 320 1
218 518 2
764 605 2
618 200 2
349 966 2
847 729 1
762 662 2
418 450 2
731 270 2
523 590 2
137 860 2
777 636 2
416 506 2
952 896 1
632 812 2
231 650 1
337 340 2
238 2 1
645 144 1
434 65 1
526 48 1
810 92 2
486 836 2
418 192 2
649 908 1
666 795 2
461 723 1
538 579 2
644 18 2
308 643 1
127 8 2
321 677 2
422 949 1
95 809 1
752 849 1
905 680 2
322 138 1
658 786 1
725 367 2
919 779 2
812 437 1
602 33 2
831 921 1
80 768 1
745 20 1
320 33 1
816 590 2
204 471 1
410 169 2
743 672 2
597 682 2
580 156 2
781 704 2
698 172 1
519 528 2
159 937 2
744 160 1
989 301 1
918 479 2
674 729 2
674 309 2
763 926 1
115 248 2
765 137 1
696 724 2
917 434 2
418 563 1
385 20 2
993 312 2
900 767 1
794 922 1
519 619 1
255 481 2
108 177 1
529 462 1
636 910 1
851 444 1
160 454 1
184 678 2
937 747 2
875 972 2
118 721 2
143 359 1
319 120 2
11 568 2
176 334 1
406 661 1
934 607 2
70 190 1
657 50 1
425 456 2
677 735 1
87 205 2
345 868 1
694 955 1
710 922 2
752 704 2
952 643 1
213 198 1
609 592 2
534 205 1
736 509 2
627 844 1
296 86 1
775 149 2
374 481 1
788 767 2
594 163 2
146 126 2
423 419 1
580 488 2
169 128 2
82 620 1
991 26 2
177 259 1
614 315 2
622 357 2
749 759 1
272 256 1
739 703 1
567 43 2
524 708 1
234 468 1
161 178 1
55 524 1
43 822 2
730 878 2
95 348 2
643 981 1
92 834 1
253 359 1
395 656 1
830 22 1
234 824 1
573 345 2
645 857 1
81 46 2
420 270 1
771 849 2
678 931 2
90 150 2
942 491 1
232 911 2
367 885 1
721 114 1
928 326 2
687 771 2
773 695 1
417 820 1
807 562 1
361 242 2
371 517 1
881 115 1
872 713 1
950 807 1
375 110 2
599 584 1
747 459 1
900 109 1
494 146 2
669 872 2
196 825 1
519 616 2
339 552 1
683 477 1
222 179 1
380 677 2
138 128 2
1 831 1
513 722 2
618 7 1
771 523 2
392 880 2
35 595 2
887 961 1
57 259 2
676 893 1
563 800 1
308 722 2
682 945 1
328 583 2
281 980 1
678 634 2
192 19 2
270 425 1
10 132 2
576 675 1
182 863 1
897 499 2
79 117 2
265 436 2
822 264 1
513 941 1
262 926 1
710 279 1
550 83 1
35 191 1
961 227 2
28 139 2
795 46 2
539 861 2
866 322 1
662 541 2
565 357 1
958 576 1
385 630 1
967 144 1
562 960 1
824 55 2
61 126 2
508 628 2
222 125 1
791 572 1
655 65 2
649 106 1
392 423 1
19 922 1
845 481 1
980 734 2
335 553 2
539 963 2
314 449 1
3 478 1
667 107 2
900 199 1
180 340 1
950 248 1
424 143 1
80 737 2
782 915 2
417 369 1
932 999 1
290 780 1
460 715 1
738 567 2
985 13 2
578 106 1
269 289 2
891 81 1
526 104 1
129 84 1
954 115 2
284 581 2
960 111 2
154 997 2
590 773 2
878 640 1
973 517 1
331 617 2
511 36 1
823 131 2
937 344 2
63 371 2
609 658 1
415 193 1
904 502 2
338 787 1
266 359 1
500 541 1
300 806 1
528 461 2
841 801 1
951 233 1
17 360 2
730 367 2
888 832 2
163 98 1
491 609 2
111 210 2
553 360 2
478 799 1
752 934 2
3 25 1
190 187 1
671 842 2
193 835 2
86 680 2
297 971 2
851 870 1
364 248 1
851 698 1
26 450 1
605 422 1
197 408 1
459 590 2
271 77 2
728 159 1
523 590 1
198 828 1
550 124 2
300 788 2
342 150 1
167 97 1
710 535 1
682 472 2
398 692 2
737 354 1
749 725 2
748 521 1
566 236 1
945 28 1
611 246 2
581 608 2
214 534 2
593 218 1
508 315 2
993 182 2
792 629 1
142 479 2
476 431 1
427 792 1
818 732 2
671 699 1
843 509 1
601 500 2
962 405 1
770 914 1
792 214 2
876 940 1
791 678 1
549 711 1
122 237 1
128 624 1
171 481 2
623 311 2
154 961 2
814 129 2
799 343 2
513 18 2
341 966 1
370 233 2
862 618 1
540 829 1
486 89 2
917 550 2
267 429 1
871 602 2
194 853 1
815 525 1
287 889 2
205 816 1
411 335 1
713 996 2
185 694 2
370 6 1
950 499 2
551 648 1
306 250 1
65 226 2
168 561 2
966 990 2
168 2 2
435 191 2
83 472 2
358 166 2
367 164 1
381 693 1
320 628 1
430 194 2
336 38 1
102 443 1
854 455 1
743 244 2
345 182 2
364 887 2
87 802 1
648 14 2
163 174 1
947 693 1
42 607 2
461 692 1
634 842 2
329 949 2
755 629 2
899 724 2
671 681 2
897 63 1
150 871 2
475 254 2
889 645 1
586 481 2
332 337 2
74 103 1
26 231 1
483 89 1
717 863 1
194 576 2
445 43 1
286 918 1
949 668 2
32 325 2
837 316 1
958 744 2
682 37 2
642 424 1
792 54 2
270 271 1
521 72 1
523 684 1
106 781 2
695 960 1
352 964 2
574 494 2
870 582 2
502 996 1
639 734 1
515 525 1
719 585 2
776 931 1
737 941 1
426 59 1
628 56 1
843 349 2
167 939 2
251 533 1
705 760 2
274 288 2
964 656 1
279 708 2
42 458 1
61 757 2
643 37 2
366 31 1
850 862 2
147 781 1
765 986 1
20 360 1
897 756 1
316 1 1
976 557 1
186 307 2
84 487 1
632 463 1
546 24 2
726 119 1
94 903 2
54 56 2
587 45 1
903 195 1
228 715 1
394 813 2
209 65 1
944 354 1
582 760 1
470 201 1
397 730 2
278 762 1
841 386 2
908 329 1
603 286 1
257 766 2
161 917 1
261 920 2
736 586 1
309 396 2
899 919 2
913 775 1
413 604 2
644 321 2
16 541 1
388 722 1
520 294 2
673 145 2
133 408 2
497 637 2
394 799 2
953 683 2
223 59 2
998 372 2
476 415 1
993 546 2
796 170 2
140 538 1
683 783 2
928 15 1
348 522 1
33 761 1
707 427 1
336 954 2
806 952 1
332 880 1
200 158 2
533 704 2
55 8 1
892 82 2
287 864 1
321 551 1
20 636 2
878 298 1
900 326 2
155 429 1
920 317 1
553 676 2
910 126 2
563 64 1
9 426 1
39 191 2
285 997 1
916 71 1
477 668 2
875 422 1
108 448 2
166 653 2
746 347 1
802 133 1
883 444 2
622 894 2
482 552 1
951 849 1
619 234 1
643 403 1
588 615 1
55 816 2
757 218 2
558 120 2
207 615 1
510 694 1
325 674 1
726 589 2
713 696 1
883 393 1
447 180 1
55 586 1
558 720 1
863 196 1
669 978 1
726 669 1
364 380 2
734 424 2
103 639 2
819 126 1
355 487 2
656 401 2
250 531 1
426 801 1
425 521 1
223 691 1
580 850 1
662 340 2
667 943 2
197 908 1
19 626 2
796 775 1
135 897 1
488 701 2
727 512 1
505 985 2
374 781 1
285 802 1
204 70 1
976 91 2
247 215 1
303 257 1
322 578 2
531 308 2
54 322 1
547 31 2
65 46 2
13 835 2
794 879 1
409 253 1
324 496 1
8 948 2
870 800 1
105 920 1
47 797 1
777 666 2
351 209 1
520 456 2
435 927 2
645 724 2
212 435 1
749 576 1
487 720 2
663 771 1
267 605 1
861 228 2
545 402 2
57 1000 1
671 768 1
855 705 2
579 821 2
795 978 2
360 462 2
116 637 2
81 453 2
436 661 1
122 335 1
751 703 2
526 885 2
547 56 1
688 617 2
581 601 1
600 123 1
42 541 1
617 499 1
770 697 1
545 58 2
383 452 1
967 422 1
552 847 1
596 870 1
239 746 2
808 712 1
652 664 1
569 456 2
16 931 2
36 636 2
111 889 2
297 310 1
810 15 1
351 754 1
238 207 1
187 606 1
899 177 1
97 80 2
559 370 2
767 615 2
357 363 1
377 395 1
977 82 2
729 884 2
374 414 2
536 310 2
862 425 2
150 310 2
666 342 2
752 196 1
911 39 2
11 965 2
984 955 2
789 940 2
13 413 1
979 315 2
39 859 2
395 569 2
423 496 2
815 253 2
331 739 2
671 548 1
821 127 1
425 63 2
273 204 1
642 904 2
840 600 2
721 851 1
892 579 2
687 65 1
308 412 1
474 462 2
411 785 1
989 66 2
243 610 1
997 55 1
584 370 1
975 640 2
727 656 1
179 228 2
974 786 2
697 135 1
468 734 1
409 499 2
391 282 2
276 536 2
64 533 2
604 178 1
505 705 2
403 76 2
817 180 1
92 540 2
140 46 1
838 665 2
249 258 2
814 577 1
881 706 2
739 911 1
352 936 2
106 649 1
849 643 2
476 374 1
246 117 2
340 717 2
313 660 2
706 143 1
59 45 1
319 729 2
158 8 1
249 325 2
61 763 1
675 130 1
882 534 1
557 912 2
910 330 2
95 200 1
74 814 1
146 509 2
544 827 1
554 976 2
642 274 1
793 899 2
62 936 2
725 809 2
14 329 2
790 750 2
520 984 2
971 393 2
207 430 2
326 953 2
962 35 2
441 739 1
80 142 2
229 931 2
514 372 2
561 760 2
763 47 1
765 144 2
292 629 1
561 871 2
452 795 1
682 233 2
540 286 1
657 266 2
17 324 1
170 514 1
528 575 2
250 39 1
99 451 1
946 823 1
415 372 2
642 871 1
165 290 2
676 868 2
578 544 1
565 319 1
823 672 2
715 359 1
677 554 1
286 241 1
702 275 2
968 787 2
114 965 1
475 446 1
347 520 2
55 731 2
563 795 1
711 531 2
630 405 2
914 999 1
211 296 2
769 181 1
470 329 1
463 383 1
367 763 1
683 2 2
935 770 2
564 411 1
910 545 1
589 373 1
296 101 1
424 203 2
602 84 2
400 981 2
598 147 2
589 809 1
865 961 2
176 611 1
193 471 1
138 977 2
958 942 2
457 119 1
58 101 1
197 249 1
53 241 1
147 94 2
608 580 1
340 642 2
87 670 1
248 594 2
333 173 1
924 66 1
834 304 2
362 334 1
248 364 1
138 131 2
683 697 1
683 980 2
856 852 2
503 957 2
452 284 2
109 13 2
179 935 2
272 941 2
797 446 2
776 981 1
490 387 2
891 272 1
48 701 1
658 201 1
898 681 1
765 663 1
212 960 2
41 390 2
568 880 2
232 999 2
734 278 2
677 726 1
41 88 2
858 540 1
879 250 1
345 722 1
732 904 1
863 915 1
734 851 1
841 551 2
486 945 1
368 50 2
84 10 2
358 118 2
265 404 1
525 965 2
214 20 1
108 381 2
153 295 1
198 608 1
811 759 1
214 563 1
164 821 1
759 875 1
713 689 1
528 28 2
868 436 1
385 893 1
790 83 1
354 690 1
860 649 2
525 161 2
872 141 2
709 196 1
427 694 1
691 958 2
706 611 1
550 765 2
400 700 2
672 623 2
700 468 2
320 652 2
12 468 1
502 47 1
109 786 1
719 315 1
30 128 2
885 424 2
704 653 1
544 591 1
958 879 2
78 368 2
313 730 2
325 971 2
169 902 1
768 783 2
874 929 2
996 849 2
764 34 1
451 856 1
46 172 1
616 271 1
704 67 2
993 610 1
305 731 1
239 721 1
154 187 1
517 900 1
802 756 1
875 865 1
381 476 1
387 434 1
831 390 2
869 792 2
13 544 2
942 367 1
731 215 1
316 567 1
202 827 2
737 136 1
303 283 2
476 103 2
614 307 2
548 713 1
586 348 2
594 482 1
964 577 1
776 160 1
110 641 1
901 28 2
62 824 2
45 996 2
945 951 1
734 145 2
778 114 1
240 568 1
780 620 2
192 652 1
698 418 2
226 984 1
436 809 1
963 113 2
54 997 1
611 144 1
795 367 1
100 336 1
455 338 1
398 885 2
146 154 2
775 743 2
225 297 2
709 514 1
21 378 2
325 418 2
797 377 1
452 40 2
83 985 2
897 274 1
841 498 2
459 562 1
353 406 2
676 920 2
230 697 1
445 363 1
122 30 2
625 260 2
86 466 1
597 133 1
766 548 1
891 455 2
735 793 2
736 705 1
755 919 2
740 273 2
543 697 2
101 749 1
404 82 1
895 167 1
444 166 2
624 342 2
173 97 2
85 293 2
712 839 1
838 994 2
256 854 1
630 332 1
471 259 1
306 241 2
408 131 1
477 9 1
733 365 2
150 440 2
983 642 2
447 954 2
352 179 1
989 459 2
686 696 2
357 181 1
279 712 1
861 719 1
801 823 1
717 262 1
837 378 2
194 952 1
637 82 1
376 661 2
988 198 1
188 52 1
702 483 2
580 619 1
250 568 2
290 404 1
425 624 2
562 855 1
258 488 1
824 436 1
467 852 1
731 185 1
896 711 1
99 303 1
36 73 2
500 258 2
364 327 1
437 752 2
325 746 1
49 765 2
616 832 1
547 640 2
945 175 2
238 447 2
993 415 2
251 424 2
290 953 1
121 239 2
927 154 2
371 67 2
579 437 2
148 306 1
306 384 2
317 355 1
134 262 1
406 653 1
323 532 2
854 486 1
602 194 1
130 264 1
603 168 2
414 667 2
554 494 2
432 964 1
835 334 2
513 462 2
413 133 1
704 417 2
640 810 1
75 917 2
157 635 2
406 159 1
658 93 1
65 605 2
350 79 2
135 550 1
841 851 1
716 829 1
414 719 2
419 556 2
251 13 2
217 158 1
548 485 1
667 986 1
165 169 1
123 989 2
926 534 2
762 668 2
692 709 2
290 389 2
35 620 1
344 220 2
424 843 1
996 717 2
162 625 2
290 626 1
254 79 2
897 714 1
540 323 2
46 698 2
927 949 1
236 474 2
165 687 1
771 993 2
178 294 2
109 214 2
243 741 1
630 774 1
954 593 1
107 210 2
16 659 2
295 137 1
635 895 1
71 940 1
98 125 1
539 427 2
632 655 1
219 989 2
924 489 1
178 786 2
641 856 1
336 487 2
953 153 1
506 959 1
100 902 2
967 909 1
381 65 1
347 342 2
563 213 1
431 344 2
192 696 1
34 81 1
909 713 2
29 21 2
624 59 2
794 842 2
595 350 2
34 920 2
937 141 1
453 651 1
648 876 1
997 819 2
556 338 1
81 420 1
157 843 2
800 737 2
26 618 2
798 312 1
671 853 2
688 377 1
323 826 2
764 532 1
54 137 1
654 304 2
919 918 1
977 37 2
188 116 1
179 166 1
625 435 2
90 373 1
544 179 2
376 532 1
723 616 1
287 515 1
797 180 1
282 208 2
746 916 1
410 108 2
739 939 1
427 694 2
487 898 2
113 449 1
824 408 2
422 52 1
614 800 1
750 879 1
675 622 1
122 761 1
727 199 2
369 989 1
86 799 1
63 995 2
391 461 2
140 942 1
231 300 2
695 571 2
419 534 1
300 715 1
275 481 2
291 645 2
304 313 2
80 979 2
575 454 2
182 609 2
450 326 1
427 554 2
19 985 1
246 896 2
839 788 2
820 28 1
628 799 1
950 701 2
319 968 1
397 405 1
189 610 2
617 681 1
475 394 1
681 814 1
546 532 2
40 313 1
542 545 2
823 926 1
315 706 1
68 832 2
980 726 1
444 643 2
128 13 1
174 284 1
374 142 2
694 283 2
950 818 1
908 999 1
976 616 2
987 140 1
245 114 1
854 283 2
872 31 1
848 772 2
604 188 1
806 313 1
659 873 1
966 486 2
531 7 2
694 336 2
493 772 2
527 857 1
500 52 2
218 158 1
837 362 2
439 607 2
670 857 1
326 149 1
811 780 2
342 871 1
71 217 1
66 844 2
135 833 2
498 952 1
773 311 1
265 288 1
223 577 2
170 35 2
40 714 2
969 78 1
996 197 1
478 75 1
862 514 1
933 695 1
682 438 2
995 492 1
43 570 1
901 847 1
227 437 2
971 765 1
60 487 1
38 899 1
711 898 2
665 259 2
416 220 2
326 743 2
554 286 1
82 636 2
67 328 1
488 656 1
505 274 1
568 45 2
200 336 1
701 907 2
250 186 1
681 64 1
753 23 2
499 858 1
752 44 2
741 838 1
373 933 1
39 919 1
345 418 2
557 925 2
398 628 1
445 720 1
692 999 2
575 590 1
557 574 2
32 238 2
649 702 1
7 837 2
355 546 1
804 227 1
711 997 1
248 198 2
526 878 2
512 111 2
380 992 1
80 265 1
973 519 1
722 422 2
629 994 2
130 627 2
81 348 1
538 329 2
811 605 2
725 560 1
770 249 1
576 110 1
14 67 2
955 464 1
458 295 1
977 518 2
441 253 1
237 765 2
929 842 1
59 586 2
361 376 2
106 142 2
133 500 2
698 122 2
891 127 1
142 924 1
308 541 2
251 531 2
649 922 2
264 702 2
465 348 1
101 268 2
809 78 1
460 195 2
928 896 1
336 500 2
139 446 1
112 52 1
607 999 1
469 970 1
325 695 1
115 228 1
130 169 2
588 817 2
540 881 2
512 341 2
978 597 2
268 887 1
353 1000 1
369 896 2
915 713 1
204 738 2
710 834 2
214 265 2
263 880 2
384 567 1
660 579 1
661 68 1
651 620 2
487 976 1
643 980 2
348 984 1
445 516 1
449 160 2
85 138 2
803 766 2
384 272 1
822 117 1
94 714 1
78 646 1
757 791 1
601 554 1
468 178 2
806 976 1
87 498 2
906 990 1
928 626 1
39 722 2
913 538 2
195 846 2
886 345 1
389 114 2
975 885 1
162 363 2
791 988 2
808 561 2
920 807 2
533 593 2
240 560 1
551 690 1
12 187 1
556 813 2
399 136 1
186 38 1
47 33 1
87 432 2
74 554 1
232 558 1
249 634 2
920 973 1
515 395 1
935 484 2
983 768 1
618 68 2
740 675 2
554 471 1
635 329 1
672 170 1
243 459 1
653 313 2
180 338 1
451 207 1
707 106 2
461 606 2
451 609 2
715 634 2
527 407 1
820 60 2
763 204 2
846 107 1
443 897 2
633 857 1
75 614 2
46 70 1
369 513 2
724 278 1
658 136 1
516 880 1
29 800 1
359 662 1
246 300 1
922 689 2
526 77 1
984 595 2
26 172 2
30 654 2
850 854 1
452 981 2
43 674 2
57 888 2
340 872 1
734 400 1
191 122 1
703 229 1
764 201 2
534 777 1
810 843 2
993 442 1
707 818 1
54 869 1
293 587 2
255 531 2
394 609 2
741 774 2
947 504 1
377 336 1
990 140 1
695 19 2
938 75 1
859 860 2
19 258 2
244 307 2
381 336 2
24 4 1
610 667 1
285 501 1
1 201 2
70 690 1
960 911 2
943 128 1
843 577 1
777 133 2
285 692 1
318 834 1
172 229 2
596 230 2
37 593 2
443 399 1
543 829 2
826 904 1
991 742 1
609 152 1
880 528 1
586 299 1
191 950 2
961 101 2
450 910 1
609 798 1
386 868 1
190 241 1
764 328 1
41 880 2
23 786 1
236 25 1
48 715 2
566 555 2
340 154 2
154 344 2
569 322 2
961 965 1
556 427 2
175 482 2
719 154 2
676 396 1
459 419 2
577 571 1
226 703 1
358 108 2
874 397 1
688 339 1
559 612 1
409 710 2
366 154 1
706 585 1
859 848 1
910 240 2
168 331 2
264 730 2
146 212 2
410 677 1
809 366 1
767 908 2
308 139 2
489 16 2
220 318 2
474 947 1
900 273 2
856 865 2
624 789 2
795 399 1
781 988 1
168 804 1
576 420 2
944 248 1
579 920 2
558 905 2
65 115 1
802 375 2
786 300 2
600 269 2
424 331 1
146 266 1
6 443 1
297 139 1
917 632 2
901 188 2
24 566 2
845 239 1
856 60 1
623 208 2
465 78 2
936 24 1
358 990 1
732 784 1
597 246 1
584 936 1
944 641 2
810 702 1
933 509 2
514 211 2
185 184 2
595 469 1
842 26 1
858 161 1
170 207 2
623 677 1
691 568 1
499 145 2
308 861 1
182 10 2
10 81 2
558 683 2
186 662 1
156 40 1
57 64 2
360 889 2
968 692 1
590 822 2
251 695 2
275 66 1
603 964 2
921 691 1
41 959 1
183 803 1
918 135 2
314 177 1
619 175 1
281 972 1
655 775 1
152 493 1
695 492 1
824 756 2
100 129 1
23 88 2
11 200 1
160 737 1
14 457 1
679 566 1
410 86 2
647 135 2
984 376 1
321 361 1
438 169 2
877 419 2
419 857 2
898 912 1
954 229 2
65 484 1
850 403 2
144 169 1
769 861 2
438 558 1
605 489 2
410 121 2
855 613 1
659 635 2
133 653 2
421 236 2
682 721 2
721 983 1
635 723 1
873 373 1
886 899 1
551 856 2
213 833 1
131 476 1
716 26 2
985 704 1
598 324 2
532 487 2
454 398 1
559 607 2
384 709 2
15 982 2
760 40 1
705 129 1
81 34 2
144 879 2
782 55 2
783 784 2
568 873 1
913 387 1
765 998 1
167 903 1
587 422 2
262 868 1
407 986 1
696 99 1
302 269 2
337 692 2
783 520 2
771 975 2
586 171 2
640 458 2
726 619 2
41 524 1
423 87 2
547 659 2
106 996 1
478 154 1
791 510 1
186 99 1
522 683 2
669 222 1
673 523 1
419 583 2
927 331 2
165 353 1
391 748 1
3 785 1
256 74 1
8 410 2
493 897 2
683 831 2
131 806 2
764 977 1
783 223 2
946 792 2
573 355 1
858 904 1
262 243 2
193 636 2
398 113 1
796 966 2
358 962 2
665 928 1
363 987 1
219 283 1
743 892 2
242 467 2
624 595 2
902 107 2
310 745 1
182 255 1
225 938 2
598 272 2
223 435 1
715 639 1
52 285 1
438 967 1
746 347 1
166 281 1
718 289 2
359 997 2
735 607 2
602 153 1
840 167 1
369 31 2
447 928 1
9 51 2
389 475 1
509 357 1
480 34 1
26 98 1
650 735 2
175 338 2
589 764 2
321 562 1
401 678 1
977 721 1
520 367 1
733 566 1
98 706 1
339 646 1
166 722 2
339 479 2
144 327 1
54 15 2
957 964 1
273 178 2
205 906 2
327 615 2
316 203 1
485 132 2
499 706 2
504 54 2
56 224 1
196 237 1
623 863 2
193 303 2
782 821 1
911 679 1
739 464 2
366 295 1
546 31 1
184 762 1
15 958 2
233 61 1
346 517 1
227 989 1
3 287 2
400 379 1
896 362 1
352 82 2
77 70 2
521 505 2
618 990 2
933 238 1
355 830 2
49 26 2
880 296 1
802 924 1
166 158 2
29 580 1
235 912 1
124 374 2
714 799 1
223 776 2
116 88 2
147 336 2
173 825 1
897 451 2
456 866 1
616 392 1
914 804 2
559 328 1
221 461 1
447 374 2
865 115 1
622 180 1
561 177 1
3 540 2
399 419 1
738 501 1
369 809 2
951 314 1
973 818 1
549 886 2
217 232 1
721 833 1
87 219 1
884 530 1
148 579 1
977 922 2
649 814 1
739 236 1
705 782 1
448 394 2
857 869 1
904 816 2
856 866 1
757 804 2
405 873 2
188 217 2
417 371 1
769 980 2
152 548 2
685 999 1
432 776 2
794 651 2
29 401 1
521 995 2
14 892 2
549 524 1
735 614 2
629 897 1
191 33 1
734 162 1
988 538 1
315 91 1
636 627 1
746 244 1
494 145 1
681 453 2
620 602 2
420 502 2
45 109 1
926 929 1
628 121 2
540 125 1
922 631 1
607 9 2
144 803 2
108 39 2
723 572 1
215 483 2
245 948 1
981 783 2
68 535 1
373 995 1
166 131 2
630 774 2
876 481 1
790 716 1
898 82 1
977 317 2
971 468 1
902 564 1
133 110 1
935 551 1
474 288 2
506 694 1
597 741 1
242 342 1
389 996 1
175 243 1
616 958 2
974 235 2
991 932 1
913 1000 2
573 155 1
435 53 2
579 504 1
167 257 1
198 945 2
660 118 1
397 67 2
39 149 1
818 567 2
71 495 2
167 661 2
88 600 2
888 337 2
754 394 1
256 174 2
801 93 2
831 527 2
902 783 1
432 231 2
669 133 1
690 933 2
395 32 1
902 294 1
624 873 1
216 368 1
944 7 1
739 22 2
746 692 2
202 667 1
189 423 1
824 649 1
894 661 1
310 309 1
335 40 2
155 419 1
959 640 2
112 776 2
303 219 2
432 805 2
39 340 2
295 992 2
792 245 1
42 115 1
356 512 1
205 213 2
355 736 2
730 826 1
600 32 1
703 653 2
752 613 1
343 169 1
812 741 2
540 322 1
436 181 2
291 859 1
313 601 1
370 949 1
794 430 1
511 302 2
589 735 1
572 269 1
703 403 1
389 276 2
93 105 1
808 807 2
518 892 1
828 276 2
724 620 2
820 203 1
844 356 1
729 779 2
984 319 1
736 16 1
922 488 1
546 125 1
708 889 2
198 284 2
37 917 1
621 738 1
959 481 1
718 507 1
859 570 2
221 847 2
551 807 1
870 642 1
508 172 2
100 186 2
225 993 1
926 591 1
635 680 1
164 633 1
121 865 2
97 904 2
1000 763 2
929 120 1
403 617 1
887 358 2
820 53 2
330 549 1
971 705 1
383 550 2
936 916 2
733 411 2
990 192 1
17 779 2
497 468 1
352 727 2
60 943 2
362 114 2
988 259 1
837 938 2
369 756 2
328 106 1
939 291 1
485 547 2
136 354 2
333 783 2
809 160 2
86 224 1
644 966 1
704 683 2
864 785 2
912 386 1
100 365 2
854 848 1
13 331 1
369 618 1
626 881 1
743 998 2
308 384 2
256 92 1
343 675 1
908 493 1
719 352 2
870 562 1
612 102 1
870 606 2
228 901 2
77 404 2
644 843 1
891 620 2
56 771 1
981 508 1
356 512 1
984 460 2
331 825 2
891 748 1
175 469 2
478 688 1
909 891 2
961 212 1
12 387 1
788 334 2
636 490 2
357 24 2
551 424 1
745 652 1
631 644 1
638 621 1
837 909 2
617 763 1
841 672 1
452 79 2
719 596 2
499 87 1
864 144 1
739 198 1
958 473 2
556 634 1
973 148 2
692 110 2
54 748 1
386 49 1
902 689 1
8 853 1
174 152 2
248 254 2
367 620 2
698 862 2
772 747 2
826 229 2
455 870 2
872 252 2
566 659 2
982 748 1
822 324 2
182 651 1
907 617 2
191 66 1
691 195 2
71 320 1
849 333 2
109 545 1
915 173 2
585 984 1
296 742 2
261 374 2
469 940 2
28 653 2
428 379 1
345 949 2
331 705 2
974 92 2
336 283 2
525 818 1
995 472 1
359 900 2
638 870 2
407 83 1
74 491 1
964 601 1
404 415 1
385 754 2
410 913 2
234 470 2
721 831 2
606 383 1
986 170 2
281 952 2
110 519 2
477 675 2
547 673 1
74 199 2
600 945 2
950 943 2
83 510 2
527 239 2
442 195 2
631 635 1
833 477 1
974 276 2
456 537 2
714 971 2
992 792 1
81 836 2
511 550 2
31 69 2
857 645 2
93 158 1
600 527 1
552 454 2
105 492 1
845 936 1
420 356 2
62 347 1
825 944 2
363 949 2
954 61 1
31 299 1
932 361 1
131 517 2
3 645 1
337 914 2
691 411 2
3 878 1
935 157 2
47 650 2
620 229 2
994 312 2
506 247 2
917 2 2
200 562 2
436 647 2
47 454 1
347 161 1
835 252 1
128 529 1
725 631 2
219 940 1
230 851 2
71 246 1
512 966 2
8 435 1
152 633 1
586 703 2
470 751 1
37 619 1
458 824 1
294 942 1
194 111 2
453 77 2
553 451 2
598 221 2
406 664 2
85 452 2
695 508 2
997 923 1
258 381 1
620 293 2
170 760 1
479 240 1
490 952 2
971 303 1
950 372 2
67 609 2
253 158 2
654 954 2
542 899 1
271 214 1
672 243 1
39 116 1
500 39 2
697 817 2
697 135 2
802 391 1
993 128 2
565 25 2
184 948 1
969 311 2
16 69 1
168 877 1
496 907 1
93 592 2
797 717 2
720 539 2
692 299 1
231 613 1
3 937 2
613 95 2
821 182 1
50 436 2
923 665 2
793 273 1
257 568 2
813 374 1
623 137 1
199 807 2
278 61 1
106 690 1
709 127 1
891 169 1
172 141 2
789 553 2
521 715 1
870 458 2
912 926 2
730 725 2
395 851 1
996 92 1
133 919 2
232 499 2
975 73 2
221 84 2
463 884 1
899 464 1
755 435 2
780 173 2
968 363 1
777 945 2
139 29 1
343 760 1
92 939 2
572 83 2
312 213 1
51 912 2
384 868 1
143 642 1
839 564 2
388 900 1
365 159 1
944 61 2
973 278 2
350 549 2
899 914 2
90 439 2
984 230 2
83 886 1
593 744 2
357 865 1
984 743 2
274 867 1
610 771 2
356 811 1
675 594 1
72 466 2
738 895 2
602 818 1
608 160 2
942 382 2
790 796 1
584 940 1
435 21 1
590 290 2
842 272 2
718 455 1
968 153 1
403 666 1
413 103 2
325 584 2
346 802 1
85 468 1
551 960 1
494 496 2
98 82 1
398 373 2
691 518 1
754 801 1
700 49 2
4 953 1
448 439 1
662 735 2
164 137 1
683 858 2
234 788 1
522 491 2
633 28 2
918 225 1
446 686 1
798 657 1
927 130 1
314 929 2
947 426 1
184 785 1
120 628 1
239 152 1
372 977 2
605 43 1
308 23 1
492 137 1
874 774 1
979 228 2
260 934 1
502 357 1
328 284 2
24 542 1
439 984 2
254 967 2
823 508 2
217 885 2
443 11 2
388 758 2
440 737 1
218 580 2
237 203 1
867 5 1
889 696 1
430 118 2
779 481 1
834 77 1
207 47 2
507 385 2
669 972 1
900 92 1
897 384 1
301 845 2
628 142 2
214 247 2
806 130 1
244 51 2
443 212 2
539 786 2
702 61 1
212 290 2
489 821 1
477 816 1
804 368 1
192 707 1
184 604 1
930 438 1
387 481 2
99 821 1
632 453 1
72 521 2
359 208 2
252 387 2
492 145 2
246 680 2
731 393 1
212 529 1
678 464 2
762 643 1
104 468 1
630 222 2
270 241 2
1 626 2
102 3 2
771 540 1
684 576 2
798 610 1
228 943 1
776 468 1
479 139 1
522 594 2
2 871 2
926 469 2
533 882 1
60 924 2
310 615 2
301 244 2
507 650 2
998 910 2
180 913 1
972 773 2
582 437 1
108 671 2
887 554 1
464 624 2
295 161 1
793 918 1
821 804 2
376 744 1
614 602 1
471 663 2
951 475 2
659 597 2
37 199 1
908 447 1
894 606 2
222 474 1
196 661 1
780 270 1
425 789 2
724 817 2
668 114 2
855 171 2
876 625 2
419 210 2
397 705 1
1000 146 1
803 61 2
824 443 1
785 230 1
478 907 2
389 911 1
608 139 1
955 494 1
923 172 1
853 26 1
915 319 2
418 974 2
807 653 1
233 956 1
734 798 2
895 389 1
752 988 1
838 879 1
452 81 1
462 832 2
216 623 2
995 542 2
450 370 2
513 785 1
467 46 1
938 383 1
989 598 2
671 796 2
156 835 1
823 583 1
592 381 1
651 951 1
932 945 2
711 246 1
159 119 2
208 244 2
582 840 1
202 904 2
971 105 1
58 461 2
682 475 1
276 397 1
904 581 2
600 124 2
459 824 2
38 470 2
10 473 2
493 605 1
687 455 2
170 940 2
920 118 1
590 177 2
211 670 1
531 647 1
18 329 2
957 969 1
529 207 2
307 784 2
158 591 2
651 573 2
759 828 2
487 36 1
970 362 2
668 599 2
885 467 2
38 630 1
950 593 1
332 824 2
283 723 1
400 592 1
448 916 1
463 85 1
796 177 2
706 293 2
260 165 2
606 846 2
635 604 2
565 742 1
655 627 2
901 5 1
689 475 2
926 567 1
1000 425 2
80 590 1
32 919 1
385 709 2
924 171 2
725 649 1
296 845 2
976 502 2
739 961 1
957 768 2
667 860 1
233 861 1
275 165 2
116 326 2
791 628 1
804 530 1
751 991 2
128 629 1
512 263 1
978 2 2
589 608 2
718 531 1
510 777 1
889 320 1
930 484 1
727 170 2
779 387 2
380 15 1
419 841 2
209 505 2
329 860 2
576 898 2
666 292 2
905 259 1
508 192 1
346 123 1
466 524 2
598 91 2
948 35 2
157 117 2
881 335 1
705 58 1
893 677 1
224 582 2
56 145 2
752 575 1
125 233 2
332 652 1
321 924 2
881 825 1
872 424 1
460 587 1
796 337 1
371 250 1
692 199 1
958 672 2
391 956 1
504 714 1
93 250 1
710 206 1
585 663 1
518 462 2
445 480 2
346 395 2
818 677 1
277 428 2
713 484 2
601 565 2
73 816 2
826 326 2
810 901 2
477 711 2
363 165 1
170 144 2
119 717 1
112 570 2
565 155 1
994 518 1
908 533 2
451 930 1
365 532 2
570 38 1
410 314 2
370 590 1
218 530 2
386 398 2
770 121 1
316 523 2
934 563 1
652 131 2
510 933 2
703 374 2
852 640 2
161 319 1
54 976 2
257 773 1
843 616 1
503 101 2
309 903 2
130 545 1
870 714 2
375 531 1
230 464 1
701 65 1
854 360 2
676 316 1
758 495 2
157 502 1
814 343 1
391 248 1
368 181 2
909 527 2
809 571 2
624 409 1
183 353 1
673 697 1
723 449 1
279 324 2
339 408 2
801 84 1
195 276 2
432 825 1
195 528 1
668 485 1
409 186 1
956 536 2
723 323 2
977 164 1
889 943 1
484 458 1
251 845 2
521 505 1
771 303 1
447 112 2
460 743 2
49 712 2
365 67 2
181 651 1
855 902 1
380 614 2
166 929 1
220 912 2
316 213 2
630 735 1
97 854 1
231 567 1
68 841 2
500 302 1
307 696 2
110 599 2
732 963 2
175 384 1
858 564 2
295 497 2
575 695 1
728 925 1
532 519 1
692 478 1
494 306 2
806 884 2
577 936 1
839 567 1
871 491 1
314 346 2
101 523 2
608 641 1
639 648 1
661 159 2
156 26 2
630 265 2
381 176 1
608 565 2
179 92 1
155 139 1
893 832 2
74 878 2
136 736 2
833 450 2
662 438 2
199 121 1
814 843 2
507 12 1
736 372 2
99 833 2
121 142 1
622 557 2
558 638 2
111 906 1
969 628 1
414 565 2
804 980 1
3 945 1
942 903 2
564 231 2
685 299 2
10 367 2
200 938 1
652 552 2
964 228 2
124 162 2
840 849 1
93 898 2
620 136 1
261 736 2
31 374 2
770 52 1
782 171 1
972 736 2
98 957 2
485 63 1
647 877 2
838 663 1
328 528 2
474 678 1
572 319 2
9 749 1
625 78 2
961 705 2
220 202 1
261 274 1
316 420 2
804 695 2
560 451 1
653 952 1
60 806 1
377 952 2
33 346 1
28 461 2
200 767 2
553 236 2
902 201 1
500 573 2
748 93 1
718 282 1
760 618 1
568 443 2
432 353 1
707 815 1
981 849 2
801 754 1
508 234 1
437 258 2
269 584 1
750 388 2
173 729 2
583 593 1
244 809 1
933 126 1
48 680 1
835 339 1
493 837 2
119 654 1
473 949 2
676 755 1
71 283 1
352 795 2
904 323 1
287 428 1
575 972 2
77 544 1
88 304 1
618 222 1
874 891 1
647 588 2
277 257 2
164 581 1
405 529 2
924 993 1
888 322 1
204 177 1
388 974 1
405 823 2
665 498 1
533 559 2
435 244 1
514 196 1
289 340 2
430 250 2
924 733 1
234 202 1
209 33 1
816 286 2
509 284 2
688 261 2
92 9 2
200 794 2
381 297 2
488 88 2
637 153 1
461 305 2
380 549 2
544 475 2
942 535 1
74 956 1
348 197 2
569 923 2
606 705 2
276 982 1
56 691 1
37 647 2
341 348 1
47 189 1
63 368 1
707 906 1
637 129 1
786 369 2
461 269 1
54 786 1
512 619 1
699 564 2
767 960 2
517 28 1
537 131 1
757 726 2
593 68 1
716 217 2
345 277 2
190 482 1
341 272 1
105 802 1
328 188 2
708 625 2
34 801 1
944 515 1
205 209 1
759 130 1
863 524 1
488 279 2
803 794 1
113 659 2
508 947 2
863 968 2
553 741 2
306 336 2
491 96 1
929 481 2
69 764 2
568 926 2
335 207 2
287 643 1
637 474 1
971 52 2
282 582 1
754 888 1
3 149 1
46 678 2
372 111 2
312 575 1
852 469 2
528 398 1
668 941 1
6 181 1
268 457 2
211 769 1
607 597 2
508 436 2
320 345 2
340 538 1
473 251 1
390 139 2
897 398 2
520 214 2
868 61 2
623 601 2
881 327 2
71 21 2
972 533 1
353 927 1
260 461 2
170 761 2
550 711 1
584 818 1
686 687 2
840 21 1
496 106 1
165 210 1
820 760 1
966 843 2
185 522 1
23 171 1
464 220 2
948 427 2
158 460 1
220 621 1
133 275 2
172 509 2
430 883 1
517 593 1
469 597 2
533 563 2
755 591 1
369 971 2
219 595 1
517 221 2
846 997 1
16 606 1
449 655 1
452 280 1
966 256 2
80 217 2
415 266 1
93 429 1
692 495 1
677 652 2
893 716 2
247 715 2
550 920 1
786 895 1
199 250 1
970 82 1
854 202 2
261 984 2
323 568 2
661 700 1
703 296 1
743 62 1
384 598 2
867 489 1
748 504 1
977 527 2
822 407 2
669 110 1
308 451 1
970 835 2
238 21 2
874 538 2
245 927 2
406 995 1
685 712 2
340 94 1
860 648 2
34 833 2
161 239 2
292 455 2
383 692 2
843 869 1
959 286 1
300 419 2
32 757 1
972 617 1
224 622 1
333 877 2
95 97 1
22 43 1
895 627 1
630 806 1
706 709 2
67 109 2
41 862 2
109 473 2
947 865 1
387 466 2
920 260 2
442 425 2
286 740 1
96 615 2
309 398 2
54 890 1
846 159 2
670 179 2
577 752 1
426 571 2
747 919 2
770 821 2
647 246 2
211 20 1
954 827 2
60 961 2
376 665 1
12 512 2
329 21 2
648 606 1
492 544 1
555 569 1
350 397 1
415 719 1
513 282 2
349 972 2
707 537 1
227 717 2
530 208 2
509 776 1
416 712 1
360 653 2
791 839 2
55 288 1
350 213 1
206 899 1
452 268 2
435 577 2
787 313 2
955 675 2
160 689 1
348 897 2
622 889 2
670 896 2
980 805 1
720 622 2
713 902 1
214 427 1
12 721 2
585 543 1
598 467 1
658 97 1
102 5 1
626 514 1
328 480 2
187 33 2
893 720 2
13 274 2
816 29 1
268 977 1
194 191 1
568 356 2
408 475 2
474 877 1
599 222 1
608 502 2
255 931 1
367 540 1
456 179 2
261 923 1
929 9 2
401 126 1
616 368 2
613 942 2
595 979 2
392 374 1
580 679 2
828 250 2
432 819 1
621 768 2
663 617 2
913 843 1
171 692 2
822 558 1
234 575 2
419 996 2
434 696 1
190 533 2
223 979 1
90 341 2
715 943 2
410 215 1
746 639 1
986 488 2
214 12 1
735 286 2
996 923 1
481 591 2
270 34 2
376 100 1
300 725 1
825 972 1
477 99 1
476 825 2
3 937 2
825 30 1
403 280 2
365 643 1
708 657 2
430 356 2
52 828 2
483 275 2
29 342 1
566 625 2
691 83 2
431 945 2
965 373 2
37 435 2
311 432 2
69 999 2
811 389 1
991 40 2
464 627 2
521 251 2
584 885 1
190 807 1
662 440 2
858 347 1
450 387 1
6 968 1
871 293 1
717 689 2
429 408 1
11 680 1
578 819 2
217 848 1
367 440 1
988 828 1
765 677 1
776 395 1
495 661 1
352 448 1
31 983 1
30 41 2
194 116 2
462 451 1
395 229 2
99 671 2
315 512 2
273 51 1
803 291 2
474 314 2
301 219 2
842 296 2
117 764 1
405 271 2
975 548 2
696 70 1
148 36 1
920 929 1
997 34 2
27 772 2
557 928 1
722 494 1
414 575 2
486 427 1
372 373 1
899 391 1
494 984 1
289 596 1
731 286 1
471 458 1
617 225 2
486 490 2
679 734 1
449 190 2
586 151 1
203 600 2
63 381 1
60 362 1
294 334 1
846 287 2
746 751 2
451 403 1
985 89 2
406 184 1
660 119 1
505 744 2
276 640 2
909 554 1
580 491 1
540 211 1
672 988 2
564 535 1
429 256 2
202 71 2
819 758 2
495 952 1
591 606 1
502 481 2
677 959 1
486 603 2
298 406 1
124 501 2
823 297 2
181 158 2
183 47 2
225 253 1
848 362 2
507 497 1
522 672 1
870 576 2
781 922 1
582 933 2
992 455 1
700 557 2
91 763 1
831 636 2
297 583 2
850 827 1
34 981 1
401 357 1
859 544 1
906 735 1
537 68 2
309 350 2
51 193 1
466 561 1
89 466 2
409 261 2
792 288 2
551 131 2
481 879 1
710 844 1
549 849 2
28 870 1
989 223 1
816 367 1
507 28 1
328 955 2
914 659 2
64 700 1
953 553 2
743 764 1
145 352 2
237 56 2
265 270 2
767 365 2
462 68 1
593 1 2
297 169 1
580 403 2
470 472 2
815 292 2
971 153 1
798 39 2
450 111 1
466 84 2
370 590 2
990 654 2
356 886 1
120 964 1
81 256 2
504 104 2
172 340 2
821 339 2
809 260 1
83 899 1
29 849 1
532 843 1
103 243 1
92 84 1
378 828 2
616 597 2
320 581 1
865 322 1
896 700 1
648 875 2
194 818 1
306 919 1
568 249 1
736 338 1
472 361 1
659 788 1
491 140 2
180 491 2
866 848 1
805 847 2
257 609 2
647 822 1
519 835 2
162 84 1
566 694 1
194 43 1
944 346 2
823 701 2
499 252 2
239 733 1
994 219 1
300 567 1
158 658 1
548 420 1
671 951 2
545 291 2
205 426 2
629 535 2
898 311 1
473 118 2
190 187 1
434 859 2
230 110 1
721 142 2
659 38 1
496 796 1
986 465 1
170 250 1
845 933 2
915 782 2
403 523 2
834 732 2
776 326 2
480 687 2
190 526 1
49 453 1
757 366 1
968 468 2
856 755 1
696 342 1
777 409 2
672 766 1
307 857 1
557 462 2
825 511 2
989 40 2
904 451 2
945 517 1
568 600 2
133 310 1
356 708 1
147 933 2
645 912 1
40 108 2
745 254 2
526 751 1
797 975 1
557 794 1
738 624 2
910 249 1
401 992 1
65 249 1
970 573 2
113 490 2
92 474 1
497 964 1
610 808 2
945 759 1
885 651 1
961 428 1
645 677 1
213 110 2
396 816 2
508 344 1
730 219 1
336 213 1
772 946 2
131 65 1
220 229 2
546 342 2
405 692 1
747 503 1
322 552 2
27 785 2
92 896 1
46 203 2
903 790 1
935 110 2
968 223 2
171 104 2
725 944 1
987 549 1
154 128 2
521 503 1
587 946 1
190 421 2
1 328 2
86 8 1
672 95 2
508 549 1
41 896 2
270 511 2
235 77 1
28 154 2
151 941 2
679 601 1
568 820 2
666 46 2
114 321 2
673 996 1
25 848 1
679 665 2
433 824 1
682 117 2
815 709 2
381 880 1
556 597 2
151 98 1
820 978 2
431 534 2
1 452 1
798 795 1
383 333 2
533 939 2
125 857 1
824 438 1
970 901 1
830 840 1
163 349 1
444 863 1
603 151 2
703 308 1
637 481 2
286 449 1
654 792 1
864 510 1
758 364 2
21 85 1
604 785 2
31 639 1
368 104 1
732 509 2
474 888 1
885 19 2
744 33 2
240 997 2
688 226 2
500 620 1
75 389 1
616 133 2
612 661 2
346 252 2
644 560 2
482 606 1
851 236 1
888 934 1
389 159 1
897 41 1
84 900 2
36 792 1
950 93 1
277 558 2
977 843 2
93 294 2
382 107 1
691 230 2
610 648 1
638 909 2
676 824 2
107 343 1
960 125 1
674 795 2
441 817 2
151 296 1
763 688 1
606 152 2
502 515 1
104 25 1
929 937 2
709 819 1
733 380 2
260 34 2
748 197 1
189 940 1
549 712 2
396 950 1
870 305 1
319 977 2
830 143 2
417 395 1
948 218 1
548 288 1
462 572 2
342 512 1
188 216 1
100 552 2
759 945 2
233 586 2
980 443 2
193 420 1
814 87 1
35 755 2
272 765 2
568 190 1
394 386 2
182 121 1
352 430 2
744 483 1
358 929 2
654 104 2
213 591 2
884 48 2
828 556 1
495 428 1
510 845 1
323 82 1
776 919 2
598 526 1
947 255 2
271 91 2
493 324 1
116 801 2
453 563 2
299 101 2
831 757 1
268 217 2
344 690 1
798 615 1
356 887 1
925 681 2
31 59 1
109 535 2
953 131 1
122 422 1
402 948 2
717 524 1
110 830 2
839 676 1
286 133 2
254 705 2
598 473 1
430 668 2
377 975 2
492 296 2
855 155 1
751 599 1
824 97 2
640 737 2
145 931 2
781 843 2
919 787 1
316 197 1
837 810 2
661 856 1
805 771 2
748 731 2
748 589 2
193 550 1
794 875 2
328 302 1
346 657 1
466 582 1
39 854 2
550 513 1
343 344 2
476 339 2
272 335 1
309 625 1
610 953 2
315 60 1
95 825 1
957 550 1
889 541 2
739 577 1
136 901 1
907 933 2
839 996 1
629 574 1
317 485 2
696 301 2
459 430 1
285 72 2
262 40 1
818 12 1
763 269 2
880 226 2
839 574 2
827 685 1
875 480 1
714 723 2
6 114 2
846 585 2
221 76 1
805 695 1
400 294 2
705 991 2
733 396 2
765 463 1
718 946 2
316 961 2
752 200 2
89 119 1
985 94 1
616 421 2
946 626 2
291 547 1
432 255 1
11 949 1
738 227 2
112 631 2
505 606 2
728 971 1
932 669 2
987 921 1
612 818 2
892 613 1
242 282 2
802 628 2
672 840 1
708 121 1
174 858 1
516 90 2
440 625 1
251 12 1
624 483 2
810 694 2
134 49 1
913 549 1
399 809 1
298 653 1
410 328 2
645 105 2
343 686 2
970 879 1
767 104 1
651 587 2
974 99 1
209 7 2
258 134 2
601 178 1
476 669 2
193 132 1
33 862 2
243 143 1
830 579 2
697 250 1
36 55 1
952 858 2
382 828 2
855 794 1
2 957 2
996 848 2
835 559 2
601 250 1
419 844 1
941 307 2
31 314 2
484 352 1
477 681 1
218 782 2
177 517 2
165 321 2
718 629 1
981 252 2
272 455 1
5 202 1
965 291 2
530 420 2
74 526 2
425 145 2
237 824 2
377 634 2
752 821 2
623 658 1
751 314 1
142 109 1
919 614 1
68 185 1
51 280 2
136 385 1
140 328 2
714 344 2
971 985 2
926 817 2
356 482 1
695 580 2
292 968 2
334 547 2
990 838 1
183 922 1
386 260 2
184 687 2
743 465 1
163 848 1
422 358 2
824 862 2
713 320 1
211 514 2
319 931 2
90 675 1
496 565 1
159 323 2
147 153 1
966 480 1
554 807 2
908 542 2
25 470 2
947 264 1
529 712 2
137 895 2
204 804 2
865 381 1
647 648 1
367 297 1
262 472 2
750 846 2
686 816 1
280 782 1
998 217 2
595 607 2
506 450 1
953 366 2
551 349 1
616 604 1
725 204 2
441 461 1
720 415 1
90 371 1
350 755 1
819 716 1
570 924 1
702 45 1
797 53 2
959 396 1
129 28 1
709 217 1
903 279 1
532 154 2
281 310 2
680 93 2
313 646 2
610 250 1
644 76 1
94 762 2
132 610 1
587 251 1
703 630 1
313 724 1
61 637 2
826 155 2
278 586 1
312 202 1
871 314 2
283 489 1
794 487 2
653 656 1
342 225 2
737 533 2
894 739 2
927 655 2
714 846 1
807 877 2
344 322 1
850 101 1
373 82 1
349 789 2
386 310 1
955 695 1
242 386 2
148 603 1
565 14 1
952 608 1
147 548 2
20 653 2
255 767 1
45 668 1
270 89 1
858 25 1
818 415 1
386 190 1
5 781 1
295 280 1
176 39 2
368 498 1
807 322 2
755 559 2
670 536 1
715 680 2
712 115 2
521 523 1
460 174 2
722 102 2
449 637 1
123 727 2
47 553 2
906 345 2
596 440 1
333 676 2
740 563 2
281 864 2
543 867 2
919 828 2
208 627 1
424 140 1
603 110 2
860 805 1
537 655 2
464 400 1
257 986 2
359 790 1
283 79 1
677 57 1
570 739 2
829 32 1
888 358 2
536 346 1
713 807 2
397 308 2
991 267 1
471 776 1
29 751 1
843 563 1
328 485 1
808 381 1
200 66 2
324 967 2
777 741 1
779 403 1
334 866 1
395 677 2
312 142 2
422 118 2
339 511 2
138 811 1
687 959 2
2 366 1
517 263 2
172 133 2
941 784 1
180 336 1
186 496 1
111 560 2
870 682 2
654 921 2
848 69 2
135 408 1
665 72 2
556 647 1
686 700 1
36 187 1
730 228 1
412 291 1
475 425 1
93 578 1
851 756 2
413 334 2
850 131 1
774 480 2
900 243 1
592 687 2
70 909 2
764 346 2
845 571 1
164 959 1
409 792 2
697 419 1
708 247 2
460 794 1
181 349 1
298 258 1
359 71 2
189 706 2
733 823 1
877 265 2
352 148 1
746 9 2
426 285 2
640 275 2
952 299 2
584 323 1
180 965 1
261 762 2
369 223 2
990 358 2
180 956 1
873 987 1
244 238 2
12 943 2
555 163 2
732 824 1
532 701 1
54 146 2
706 245 1
226 794 2
549 735 1
121 30 2
526 412 2
535 424 2
189 992 2
626 75 2
39 186 2
200 71 2
365 111 2
214 97 2
36 859 2
526 790 2
651 210 2
540 382 1
598 568 1
582 285 1
984 123 2
720 604 2
87 127 1
371 243 2
642 400 1
121 284 2
493 22 2
837 763 1
301 472 1
467 803 2
480 743 2
946 642 1
379 728 1
447 176 2
605 766 2
98 22 2
237 173 1
847 575 1
317 422 2
592 509 2
532 84 2
694 542 1
598 506 1
116 312 2
953 37 2
28 113 2
61 585 1
149 891 2
789 486 2
584 452 1
678 897 1
388 419 1
862 411 1
719 916 1
681 548 1
995 516 1
472 546 2
954 963 1
138 241 2
828 901 1
187 261 1
132 686 1
860 786 1
373 689 1
558 920 1
961 981 1
194 907 1
800 572 1
400 898 1
938 742 1
3 307 1
385 152 2
727 48 2
582 806 1
792 939 2
377 946 2
632 37 2
19 478 1
92 564 1
527 180 1
129 749 2
371 966 2
728 54 1
701 41 2
198 352 1
434 905 2
65 738 2
697 951 2
894 475 2
188 372 1
967 426 2
793 414 1
650 34 2
828 973 1
180 744 2
865 619 2
706 274 2
991 388 1
182 562 1
993 184 2
451 850 2
704 264 2
379 893 1
382 379 1
801 401 2
341 288 1
959 887 1
554 88 2
181 50 2
687 709 2
948 624 1
984 293 1
940 379 1
328 609 1
566 345 1
999 769 1
883 493 2
973 430 1
216 941 2
191 770 2
539 782 1
771 862 2
424 517 2
194 624 2
533 834 2
599 90 2
971 149 2
985 18 1
66 104 2
134 706 2
846 173 1
95 885 2
970 168 2
419 727 1
969 922 2
706 107 1
406 65 2
392 920 1
337 75 1
133 383 1
997 56 1
332 920 1
857 929 1
11 10 2
272 189 2
179 361 2
413 607 1
901 33 2
26 135 1
700 375 1
676 991 2
908 895 2
784 991 1
500 523 2
489 101 2
938 578 1
721 218 2
624 251 1
598 566 1
34 972 2
634 959 1
208 258 2
228 712 2
295 327 1
816 681 1
144 649 1
354 446 1
50 116 2
43 374 2
209 850 2
56 283 2
501 633 2
236 21 1
557 685 2
880 532 2
820 375 1
618 365 1
184 641 1
713 763 1
371 437 2
303 762 1
194 569 1
249 686 2
914 187 1
426 130 1
234 176 2
38 384 1
868 29 2
25 669 1
221 842 2
271 533 2
903 115 2
110 684 2
803 89 2
765 361 1
534 194 2
434 688 1
363 841 2
441 883 2
153 786 2
818 770 2
198 249 2
1 395 1
822 589 1
637 426 1
896 671 1
988 428 2
816 415 2
111 913 2
340 878 1
174 587 1
557 288 1
350 304 2
221 806 1
906 246 1
669 634 2
966 579 2
721 376 1
34 88 2
262 271 1
674 976 1
808 285 1
333 921 1
845 972 1
666 881 2
963 51 2
709 786 1
806 748 1
948 609 1
664 339 1
914 559 1
788 937 1
865 339 1
778 954 2
584 399 1
763 109 1
517 229 2
967 34 2
514 517 1
843 400 1
754 507 2
994 548 2
456 145 1
39 518 2
810 840 1
191 100 2
323 937 2
370 624 1
622 351 1
149 161 2
83 809 1
99 596 1
816 831 1
742 191 2
170 267 1
311 675 1
578 420 2
858 115 1
144 649 2
260 198 2
225 42 2
930 515 2
146 653 1
422 669 2
922 852 2
714 320 2
913 938 1
978 821 1
88 50 2
574 594 2
548 404 2
520 156 2
535 425 1
646 470 1
315 42 2
493 187 2
847 428 1
581 678 1
841 613 2
893 65 1
752 808 1
787 868 1
867 601 2
175 111 2
791 925 1
226 821 2
418 833 1
578 780 1
971 799 2
918 718 1
394 1000 2
21 814 1
86 916 1
647 806 1
413 114 2
36 714 1
411 120 2
897 856 2
752 113 2
30 177 2
465 76 2
395 227 2
841 524 2
523 577 1
810 717 1
348 873 1
859 330 2
227 309 1
411 256 1
658 208 2
55 701 1
793 640 1
695 651 1
54 464 2
304 947 2
46 268 2
418 734 2
906 601 2
729 102 2
809 947 1
959 208 1
274 976 1
558 907 2
43 911 2
887 774 1
417 918 2
334 152 1
505 436 2
672 37 2
779 662 2
1 296 1
611 462 1
837 208 2
728 58 2
163 817 2
321 481 2
343 53 1
289 880 1
35 45 2
781 381 1
680 873 1
756 14 2
73 885 1
963 859 1
488 692 1
554 471 1
764 490 2
811 856 1
646 335 1
848 56 2
468 822 2
833 883 1
780 569 2
611 285 2
74 624 2
180 982 1
655 841 2
5 65 2
265 997 1
602 230 2
211 862 1
796 166 2
24 82 1
725 312 2
728 913 2
10 441 1
990 783 1
726 17 2
715 619 1
32 137 2
809 838 2
695 601 2
858 611 2
853 628 2
924 522 1
174 701 1
837 7 2
259 54 1
180 283 1
788 518 1
622 484 2
545 983 1
751 262 1
893 98 1
205 264 2
107 792 2
416 977 1
962 782 1
731 524 2
886 914 2
322 173 1
507 94 1
897 438 2
665 203 1
608 21 1
696 258 1
125 28 2
389 806 1
558 435 1
253 421 1
344 341 2
294 893 2
103 626 2
397 652 1
839 321 2
706 686 1
347 391 2
38 297 1
75 712 2
822 232 1
924 602 1
260 458 2
367 744 2
193 33 2
748 704 1
114 451 2
942 616 2
8 197 1
406 11 2
131 835 1
71 993 1
266 325 1
598 794 2
935 478 2
215 123 1
149 689 2
607 67 1
848 416 1
649 269 1
949 412 2
920 168 1
75 257 2
404 102 2
613 11 1
675 221 2
851 187 2
873 840 1
639 641 2
555 960 2
265 804 1
375 284 2
686 482 2
992 226 2
767 841 1
629 48 2
523 362 2
409 403 1
348 145 1
972 108 2
934 538 1
486 442 1
10 490 2
462 540 2
363 46 1
249 874 2
778 19 2
520 992 1
108 750 2
671 465 2
825 567 2
879 630 1
462 23 1
672 698 1
355 129 2
290 929 2
323 957 2
383 755 1
141 409 2
524 3 2
175 336 1
839 801 2
864 179 2
180 93 1
568 952 1
132 176 1
641 727 2
339 415 1
789 166 1
850 768 1
678 537 1
977 778 1
55 129 2
309 178 2
850 983 1
941 794 2
814 953 2
110 920 1
713 146 1
63 593 1
666 732 1
909 467 1
247 954 2
77 854 1
675 19 2
456 158 1
770 521 1
278 244 1
707 816 2
760 368 2
239 459 2
445 558 2
687 807 2
572 927 1
658 272 1
958 24 1
198 45 1
36 489 2
262 646 2
438 177 1
833 98 2
922 133 1
956 552 2
955 517 2
369 774 1
111 726 2
377 700 2
472 582 2
638 787 1
793 320 1
616 261 2
906 386 2
604 272 1
102 364 1
638 717 1
228 183 1
185 789 1
775 198 2
3 997 2
556 122 2
402 904 2
90 575 2
581 971 1
912 631 1
996 258 1
868 517 1
840 592 2
873 290 1
678 398 1
547 926 1
914 13 2
226 180 1
428 456 2
229 341 1
995 968 2
213 72 1
295 799 2
224 299 2
186 919 2
586 13 2
321 247 1
238 79 1
946 329 2
949 950 1
685 709 2
964 417 1
986 693 2
915 21 2
844 783 1
694 73 2
539 880 2
568 750 2
451 448 2
137 845 1
420 552 2
649 911 1
55 949 2
646 807 1
849 439 2
777 45 2
499 927 1
863 790 2
10 221 2
155 241 1
178 22 1
656 148 1
959 38 1
659 89 1
150 158 2
324 637 1
344 684 1
880 907 2
401 880 1
338 96 1
755 50 1
610 787 2
450 440 2
492 446 1
703 493 2
612 461 1
103 151 2
219 256 1
261 520 1
847 830 1
490 397 1
737 318 1
686 532 2
651 517 1
119 92 2
172 890 2
63 241 1
11 911 1
418 139 1
578 660 1
728 292 1
260 727 1
502 902 1
358 30 2
779 366 1
721 11 1
760 599 2
391 824 1
849 750 2
118 443 2
755 868 2
257 279 2
736 547 2
518 164 2
533 29 2
2 559 2
441 362 1
460 483 1
136 272 1
970 513 2
630 47 1
212 997 2
587 178 2
334 918 2
928 475 1
3 979 2
447 68 1
642 617 1
438 25 1
281 106 2
702 127 2
82 179 1
857 94 1
497 783 2
893 78 2
28 224 2
292 892 1
259 970 2
659 104 1
885 992 1
96 785 2
951 753 2
107 118 2
638 777 1
357 226 2
902 21 2
268 199 2
82 600 2
252 311 1
879 434 2
649 926 1
869 279 2
385 891 1
698 839 1
323 884 1
620 720 1
999 25 2
453 381 2
450 240 1
676 248 2
163 389 1
409 972 2
987 455 2
905 592 1
753 269 1
440 208 1
731 425 2
789 933 2
509 971 1
165 482 1
954 707 1
282 792 2
393 874 1
784 194 1
637 147 2
453 464 2
853 746 2
693 178 1
346 883 2
407 196 2
845 568 2
888 295 1
535 717 2
387 766 1
235 190 1
151 48 1
412 759 2
990 713 2
37 259 2
164 800 2
373 387 1
839 187 2
481 304 1
334 975 2
45 430 2
308 447 1
204 879 1
395 588 2
244 396 1
85 530 2
627 305 1
492 239 1
538 252 2
401 685 1
728 332 2
364 98 1
284 269 1
34 667 1
677 38 1
279 287 1
228 21 2
471 952 1
998 826 2
516 701 2
341 833 2
77 866 2
240 93 2
358 108 2
221 814 2
938 701 1
391 917 1
877 183 2
644 19 2
246 831 2
469 717 2
396 585 1
161 993 2
175 275 2
415 504 2
238 759 2
564 217 2
777 697 1
745 33 2
675 245 1
270 417 1
704 771 2
857 532 1
521 908 1
277 634 2
803 947 1
24 556 2
912 624 1
501 544 2
117 352 1
260 632 2
246 512 2
745 599 1
905 128 1
307 420 1
388 119 1
983 158 1
18 768 1
186 433 2
467 71 2
298 556 2
790 967 2
755 642 1
935 628 2
881 860 2
494 626 2
188 819 2
911 190 1
982 694 1
469 144 2
324 974 2
693 512 2
498 68 2
417 142 1
536 925 2
160 965 1
932 564 2
65 797 1
763 334 1
876 218 2
689 57 1
876 512 2
155 343 1
867 494 2
845 473 1
995 291 1
792 559 2
171 157 1
400 171 1
348 366 1
768 133 1
692 572 1
61 672 2
42 991 1
190 89 1
459 94 1
324 690 2
205 310 1
936 172 2
976 989 2
247 893 1
931 146 1
183 150 1
160 340 2
554 785 2
409 297 1
145 75 2
880 928 2
453 633 1
34 974 2
33 345 1
368 391 2
716 332 1
41 348 2
192 274 1
879 240 1
350 437 2
509 784 2
509 674 1
345 474 2
995 729 1
82 426 1
623 589 1
89 177 2
159 756 2
127 620 1
282 791 1
317 785 1
35 584 2
464 636 1
888 688 2
605 583 1
763 828 2
633 196 2
55 795 2
512 509 2
291 237 2
301 210 1
200 763 1
131 706 2
355 212 1
801 434 2
63 482 2
502 308 2
354 572 2
313 423 1
213 542 2
246 701 2
992 286 2
670 481 1
299 497 1
577 418 1
604 107 2
721 97 2
49 492 1
73 778 1
909 285 2
384 65 1
229 176 2
920 939 1
284 418 1
147 631 1
358 18 1
460 856 2
294 150 1
251 169 1
623 602 1
15 759 1
888 548 2
671 451 1
385 576 2
646 278 2
172 938 1
419 339 1
136 307 2
724 213 1
904 198 1
998 326 2
651 814 1
591 848 2
7 540 1
560 375 1
855 65 2
168 173 2
989 447 1
604 622 1
766 116 1
442 790 2
945 2 2
184 312 2
839 287 1
850 619 2
10 605 2
391 975 1
455 253 2
236 136 1
932 853 2
524 695 1
179 774 2
701 930 1
748 80 2
360 519 1
533 841 2
34 709 1
219 247 1
945 497 1
173 854 2
282 510 2
973 133 1
891 710 1
970 986 2
70 408 1
886 620 1
272 370 2
671 219 2
649 597 1
410 792 2
178 400 1
549 595 1
556 211 2
287 931 1
601 867 2
864 25 1
833 320 1
624 400 1
704 106 1
426 394 2
24 204 2
248 276 1
17 702 2
902 622 1
734 66 2
712 655 1
721 275 2
995 958 1
170 418 2
309 953 1
334 160 2
989 12 2
802 759 2
306 528 1
700 947 2
377 27 2
106 216 2
23 646 1
902 196 1
997 900 2
134 541 1
940 991 2
913 589 2
129 122 1
533 304 2
973 289 1
268 741 1
799 452 1
726 133 2
547 341 1
883 560 1
922 306 2
815 447 1
603 987 1
323 803 1
990 771 2
448 481 1
902 770 2
456 136 2
764 458 1
223 174 1
478 405 2
426 379 1
616 209 1
966 510 1
993 826 2
141 352 1
10 933 2
911 806 2
29 309 1
191 755 1
325 720 2
120 66 1
591 778 2
507 50 2
727 853 1
498 393 1
504 823 1
836 954 2
238 942 2
387 637 1
557 520 2
470 131 1
3 169 2
317 974 2
923 317 2
206 762 2
334 81 2
246 938 2
516 135 2
369 123 2
638 561 2
967 348 2
458 800 1
257 936 2
595 362 1
345 998 2
542 360 2
908 161 2
338 429 2
241 276 2
84 349 1
974 785 1
500 508 1
461 959 1
38 995 1
182 770 1
251 890 1
911 162 1
651 73 2
462 21 1
314 634 1
399 621 2
499 421 1
123 362 2
409 677 2
117 500 1
145 286 1
829 103 1
754 76 1
949 419 2
741 399 1
240 175 2
259 582 1
764 840 2
763 221 1
920 418 1
40 243 1
471 892 2
893 6 1
115 243 1
492 102 2
60 200 1
857 690 2
240 235 1
36 186 1
144 457 1
647 814 2
517 761 1
65 58 1
959 736 2
178 708 2
45 364 2
952 572 1
315 272 1
233 591 2
672 54 1
439 15 2
869 941 1
355 450 2
140 566 1
990 673 2
887 717 2
84 945 2
769 945 1
344 333 2
667 518 2
431 280 2
27 748 2
797 305 1
68 236 2
961 368 1
240 546 1
829 197 2
907 149 1
679 184 1
408 813 1
219 479 2
717 860 2
180 977 1
292 236 2
508 540 2
24 390 1
362 18 1
174 666 2
555 456 2
893 164 2
19 243 2
8 901 1
202 838 2
855 181 2
68 854 1
121 538 1
743 2 2
690 679 1
903 664 1
89 196 2
168 43 1
152 450 2
34 949 1
741 404 1
165 430 2
693 610 1
280 866 2
157 160 1
465 350 1
739 783 2
786 436 1
11 843 1
460 519 2
264 683 2
691 598 1
318 886 2
657 505 1
868 608 1
118 514 1
613 378 2
799 834 1
160 387 2
13 365 2
454 235 1
278 131 2
472 264 1
97 37 2
501 753 2
711 636 1
153 699 1
304 87 1
818 212 1
720 268 1
598 977 1
999 281 2
611 100 2
284 640 2
717 9 2
724 127 1
40 180 1
147 92 2
712 211 2
167 66 1
428 825 1
603 167 2
910 947 1
334 3 1
865 852 2
891 672 1
16 714 2
931 781 1
548 657 2
96 726 2
680 57 2
547 297 2
40 771 1
694 77 2
332 875 1
685 739 1
462 29 2
372 964 2
873 510 2
660 531 1
337 814 2
892 27 2
115 93 2
394 79 1
728 113 2
54 129 1
369 998 2
411 636 1
540 463 1
344 891 1
141 315 2
898 700 1
896 131 2
29 233 1
338 168 1
474 530 1
368 385 2
943 91 1
448 552 1
276 449 1
90 739 1
386 112 2
146 435 2
817 170 1
73 593 2
615 582 1
798 1000 2
348 197 1
984 283 1
697 852 1
133 51 1
495 936 1
603 677 1
559 988 1
993 676 1
128 107 2
744 831 1
47 263 1
116 396 2
199 277 2
124 383 1
724 553 1
352 653 1
717 632 1
459 405 1
348 938 2
81 725 1
899 607 2
143 18 2
753 38 1
423 446 1
845 896 1
113 28 1
729 20 1
160 781 2
115 278 1
900 18 1
508 378 1
980 717 1
859 302 1
46 456 1
682 225 2
257 751 2
629 186 1
826 670 2
590 117 2
917 17 2
964 954 2
865 234 1
28 492 2
401 257 2
365 486 2
870 352 1
442 559 2
515 964 2
982 273 1
728 619 1
774 103 2
933 527 1
381 152 1
330 905 2
620 494 2
554 801 1
787 641 1
709 344 2
986 478 2
112 995 2
709 487 1
511 513 1
154 926 2
504 509 2
526 762 1
205 534 1
619 928 1
753 894 1
402 364 1
699 676 2
37 719 2
98 88 2
195 671 1
228 550 2
223 286 2
895 894 1
713 706 1
941 676 2
879 539 1
211 364 2
745 331 2
163 256 1
150 810 2
268 809 2
812 583 1
245 437 1
997 478 1
22 35 1
522 413 1
43 995 1
944 658 1
238 696 2
970 938 2
149 738 2
597 989 1
919 172 2
207 141 2
944 554 1
729 147 2
329 620 1
98 955 1
776 16 2
814 229 1
480 478 1
440 487 1
670 279 2
807 322 2
783 47 2
821 274 1
591 801 2
36 281 2
377 307 1
345 914 1
120 497 2
50 937 1
516 929 2
612 423 1
576 219 2
500 162 1
684 394 2
103 417 2
887 940 2
12 976 2
503 898 2
698 586 2
585 484 2
892 142 1
501 772 2
348 288 1
406 720 2
54 196 1
505 699 1
492 232 2
642 700 2
979 917 2
103 243 1
374 457 2
732 549 2
951 511 2
275 295 1
50 987 1
485 100 2
633 831 1
266 835 1
822 491 1
664 822 2
281 577 2
785 730 2
683 741 2
536 177 2
347 937 1
647 363 1
100 710 2
555 112 1
384 649 2
113 733 2
322 396 1
193 15 2
725 464 2
25 714 2
732 19 1
592 753 2
331 867 1
323 376 1
476 911 1
759 422 2
718 898 1
637 323 2
893 320 1
565 587 1
162 522 1
273 726 1
952 949 1
790 241 1
72 811 1
649 762 2
597 928 1
66 431 2
399 581 1
462 974 2
518 963 2
570 955 2
621 468 2
111 244 2
639 486 1
304 898 2
206 869 1
882 197 2
761 637 1
809 201 2
84 772 2
809 547 2
709 361 1
178 188 2
21 676 1
651 725 1
237 538 2
141 571 2
859 354 1
373 825 1
71 303 1
294 212 1
997 758 2
852 682 2
162 604 1
838 387 2
347 439 1
921 649 1
195 589 1
194 494 1
375 242 2
585 816 1
393 84 2
418 717 1
480 936 2
679 922 1
11 220 1
306 215 2
336 849 2
39 735 1
51 888 2
23 806 2
462 624 1
664 492 2
563 933 2
56 804 1
839 332 2
735 1000 1
741 175 2
422 566 1
941 480 2
163 697 2
336 204 1
537 782 1
18 32 1
618 229 2
910 714 1
472 615 1
471 593 2
439 894 2
307 359 1
269 905 1
189 604 2
12 349 1
552 4 2
643 84 1
110 175 2
451 40 2
316 85 2
782 809 2
892 240 2
876 103 1
843 290 1
797 83 1
559 7 2
307 952 2
113 714 1
446 388 2
325 583 1
785 59 2
910 234 1
38 964 1
746 208 1
84 72 1
349 281 2
596 92 2
783 980 1
677 541 1
39 742 1
201 289 1
152 492 2
94 52 2
777 160 1
238 435 2
366 447 2
693 857 1
663 936 2
754 52 2
627 79 2
656 890 1
472 342 2
494 981 1
981 831 1
509 808 1
743 574 1
792 436 2
626 157 1
229 923 2
667 38 2
976 834 1
371 632 1
7 579 2
222 54 2
427 913 1
628 182 2
44 840 1
42 507 1
393 466 2
583 301 1
603 875 1
137 609 1
509 507 2
353 708 2
26 175 1
227 596 1
49 487 1
341 678 2
694 104 2
42 323 1
379 872 2
221 42 1
481 524 1
280 449 2
168 223 1
879 42 1
750 304 2
650 872 2
99 836 1
853 894 2
851 401 1
926 307 2
931 913 2
37 68 1
403 731 2
448 711 2
718 472 2
488 574 2
734 192 2
386 567 1
726 836 2
183 521 2
886 54 1
56 25 2
207 788 2
983 445 1
112 123 2
786 369 1
474 155 1
430 102 1
868 254 2
805 97 1
673 605 2
494 342 2
874 547 1
931 147 2
575 404 1
287 620 1
59 161 1
825 981 2
219 320 2
650 854 1
536 839 1
846 878 2
193 460 2
800 239 2
82 401 2
7 802 1
462 581 1
378 269 2
710 617 2
321 263 2
806 877 1
610 625 2
155 705 2
888 954 1
4 110 1
926 84 1
699 13 1
941 922 2
181 530 1
741 130 2
211 622 1
324 631 2
785 854 2
227 910 2
264 946 2
538 440 2
431 222 2
784 235 2
960 944 2
494 400 2
60 235 1
926 370 1
536 248 1
62 332 2
584 353 2
439 140 1
752 39 1
417 570 2
77 5 2
797 366 2
817 641 2
892 384 2
629 675 2
940 172 1
703 479 1
982 287 1
815 309 2
314 347 1
600 568 2
590 939 2
302 24 2
575 448 1
223 837 2
852 785 1
719 304 1
280 982 1
822 902 1
596 716 1
668 747 2
606 520 2
944 472 2
942 13 1
697 754 1
21 580 1
688 704 1
202 775 2
75 891 2
431 936 2
65 650 1
809 11 1
96 164 1
798 516 2
498 19 2
303 566 2
880 33 1
545 804 2
588 973 2
764 316 1
534 78 2
807 680 2
794 89 1
697 591 2
954 816 1
879 689 2
668 775 1
783 945 2
30 790 1
449 499 1
481 169 1
3 419 2
627 629 1
382 786 1
673 79 1
197 417 1
511 416 1
330 970 1
499 612 1
55 892 1
638 214 2
314 807 1
577 654 2
787 746 2
139 589 2
257 285 2
397 547 1
533 612 2
9 427 2
574 461 1
719 743 2
311 461 1
946 253 1
744 302 1
93 970 1
515 340 1
659 496 2
434 836 1
262 832 1
402 462 2
35 45 2
577 23 1
140 609 2
987 393 1
750 457 1
834 691 2
533 735 1
31 720 2
210 362 2
370 727 2
694 903 1
865 670 1
197 646 1
286 428 1
836 158 1
946 315 2
25 324 2
306 172 1
903 101 2
282 168 2
798 957 2
950 893 1
27 25 2
259 448 2
706 173 1
898 473 1
294 657 2
615 964 2
615 771 1
738 731 2
777 691 1
673 289 2
849 992 1
29 416 2
500 289 1
329 946 1
75 676 1
632 7 2
737 157 2
24 396 2
566 947 1
753 511 1
980 645 1
299 763 2
397 846 2
287 668 2
381 536 2
660 496 1
159 246 2
285 182 2
867 286 2
252 845 1
850 179 2
605 446 2
30 422 1
924 270 1
560 923 1
985 381 2
568 386 1
514 668 2
913 189 1
501 203 2
888 189 1
737 344 2
238 180 1
602 785 2
916 862 1
288 769 2
813 696 1
484 876 1
722 261 2
293 676 2
758 216 2
603 766 1
329 50 1
730 934 2
824 708 1
607 323 1
58 54 1
540 464 1
513 791 2
909 589 1
326 609 2
268 406 2
921 641 1
823 332 2
723 19 2
767 485 1
225 642 1
945 351 2
584 359 1
920 952 2
605 818 2
198 255 2
145 434 2
228 942 1
403 636 2
145 374 1
528 386 2
133 636 2
616 931 1
504 324 1
786 594 1
816 457 2
134 237 1
68 441 1
298 131 1
945 547 1
756 651 2
532 772 2
645 629 2
686 588 2
530 970 2
311 451 1
674 559 2
353 636 1
651 876 2
5 1000 1
332 967 2
584 462 2
422 908 1
561 593 2
718 664 1
668 438 1
990 937 2
676 978 1
966 329 2
56 834 1
285 173 2
843 27 2
75 93 1
357 419 1
368 737 1
747 470 1
178 980 2
337 287 2
405 503 1
122 522 2
811 320 1
437 645 1
367 661 1
564 109 2
632 626 1
394 136 2
780 26 2
470 607 1
30 120 2
560 443 1
805 687 2
171 99 1
277 422 2
820 483 1
277 612 2
737 776 2
642 782 1
380 850 2
61 684 1
958 782 2
5 222 2
729 512 2
27 383 2
428 996 2
20 245 2
817 453 1
250 932 1
543 965 1
671 801 2
296 347 1
964 537 1
823 570 1
278 352 1
658 807 2
372 463 2
734 794 2
653 809 1
925 838 2
80 246 2
512 783 1
368 78 2
24 916 2
876 249 2
458 98 1
625 16 2
988 704 2
872 550 1
161 862 1
895 40 2
76 85 2
659 950 2
985 961 2
426 246 2
774 98 2
769 532 1
142 205 2
954 816 2
453 345 1
823 397 1
810 951 2
486 352 1
896 797 1
327 739 1
363 663 1
792 666 2
124 773 2
486 526 2
888 430 1
126 641 1
426 709 1
515 489 2
272 965 1
748 925 2
662 957 2
330 814 2
72 930 1
830 259 2
12 994 2
326 407 1
551 485 1
802 978 2
960 409 1
580 673 2
328 503 2
138 677 1
626 618 2
435 606 2
667 772 1
992 586 1
675 10 2
826 654 2
96 703 2
691 606 2
616 681 1
130 474 2
570 636 2
550 698 2
896 898 2
881 46 2
124 891 1
864 694 2
860 26 1
664 25 1
891 791 1
287 121 1
508 40 2
212 371 2
799 446 2
94 834 2
969 596 1
776 915 2
607 986 1
718 943 2
172 795 1
412 404 2
423 286 2
57 696 1
593 190 1
334 274 2
721 820 2
2 734 1
688 891 1
478 389 1
270 706 1
209 181 2
401 252 1
736 274 1
136 21 2
779 251 1
674 404 1
873 970 1
430 325 1
455 133 1
264 680 1
124 201 1
923 8 1
923 245 1
679 618 2
190 236 2
715 490 2
942 554 2
783 602 1
133 942 1
363 962 1
583 611 1
771 30 2
287 576 2
244 247 2
131 169 2
984 650 2
22 84 1
979 993 2
716 609 2
136 833 2
905 206 2
488 428 2
349 411 2
993 481 2
661 711 1
66 614 1
467 674 1
614 309 2
651 774 1
755 689 1
22 577 1
233 684 1
226 716 2
461 884 1
838 926 1
323 663 1
668 283 1
129 932 2
201 541 2
896 409 1
359 228 2
392 255 2
562 124 1
299 568 1
993 683 2
201 841 1
795 606 2
498 776 1
598 704 2
5 295 2
59 767 2
959 256 2
526 988 2
122 624 2
739 299 2
548 348 2
910 149 1
242 203 1
99 739 1
488 521 2
673 623 2
359 995 2
171 109 2
75 296 1
335 80 1
46 215 1
172 127 2
499 363 2
419 39 2
277 774 1
485 457 1
267 668 2
114 513 1
283 215 1
281 308 2
62 907 1
638 320 1
250 94 2
463 594 2
556 918 2
371 842 1
860 985 1
570 643 1
320 91 1
481 683 2
655 570 2
775 441 1
541 785 1
231 424 2
350 184 2
430 217 2
220 574 2
600 200 2
494 390 2
384 327 1
971 994 2
487 775 1
473 108 1
815 157 2
181 553 1
37 937 1
315 932 2
620 656 1
145 943 1
107 792 1
671 796 2
642 983 2
537 772 1
787 180 1
877 298 2
457 817 1
665 967 1
136 854 1
2 565 1
749 146 1
857 135 2
133 224 1
780 696 1
757 785 1
568 861 2
523 347 1
745 169 1
88 809 2
526 735 2
724 517 2
659 767 2
34 531 2
500 694 1
844 966 2
266 721 1
621 684 2
292 359 1
159 207 1
302 275 2
339 632 2
368 326 1
925 839 2
71 636 2
929 467 2
961 935 1
610 682 2
980 386 1
149 263 1
949 679 1
530 680 1
61 686 1
737 287 1
125 345 1
368 278 1
997 971 2
608 240 1
73 211 2
983 604 2
735 130 2
638 247 1
409 727 1
857 987 1
483 497 1
845 67 2
251 534 2
909 913 1
173 713 2
89 472 1
867 919 2
38 924 1
595 494 2
622 612 2
843 814 1
693 737 2
338 505 2
952 930 2
456 16 1
768 143 2
531 449 1
545 433 2
845 219 2
516 283 1
823 816 2
81 328 2
183 10 1
389 434 2
341 465 2
45 288 2
437 600 2
582 61 2
164 647 1
282 270 2
523 867 1
612 453 1
585 288 2
724 596 2
963 272 2
540 812 1
198 304 2
360 884 2
608 325 2
452 629 1
710 354 1
888 808 2
543 826 1
615 793 1
377 201 2
277 720 2
43 98 2
49 878 1
600 652 1
599 777 2
180 358 1
315 605 2
222 703 1
673 311 1
84 825 2
128 567 2
153 598 1
328 455 2
768 302 1
989 68 1
756 692 1
682 187 2
495 230 1
727 856 2
714 930 2
996 731 1
865 751 1
733 163 2
194 346 2
37 996 2
789 295 1
279 525 1
466 731 1
847 345 1
935 6 1
582 892 2
497 350 1
699 651 1
254 450 1
682 659 1
381 527 1
509 213 2
551 124 1
930 368 1
653 591 2
125 760 2
89 881 1
156 557 2
757 552 1
813 451 1
583 627 2
115 701 2
410 322 2
952 350 1
551 559 2
570 392 1
705 835 2
967 167 1
750 210 2
931 107 1
20 422 2
271 695 2
873 777 2
548 956 2
245 889 1
32 943 1
614 207 2
663 766 1
343 781 2
925 876 2
477 883 1
358 605 2
621 216 1
545 570 2
878 401 2
936 420 1
778 233 2
80 445 1
728 949 1
211 475 1
160 351 1
96 146 2
97 559 1
318 702 1
404 974 2
515 237 2
921 423 2
789 937 2
207 496 2
668 709 1
568 797 2
903 775 2
465 20 2
978 811 1
928 612 2
175 713 1
223 38 1
933 336 1
477 420 1
373 716 2
364 762 1
579 876 2
872 553 2
65 250 1
19 750 2
207 946 1
50 277 2
500 706 2
35 563 2
766 786 2
237 718 2
506 707 2
124 688 1
598 400 1
166 724 1
32 268 1
646 324 1
4 936 1
727 483 2
966 462 1
2 566 1
713 452 2
881 704 1
193 98 1
104 987 1
658 220 2
86 242 2
416 607 1
625 386 1
762 85 2
772 128 2
161 275 2
974 255 2
654 861 2
149 738 1
264 475 2
621 75 1
699 635 2
835 294 1
371 125 2
388 861 2
783 68 2
64 705 1
69 874 2
462 824 1
10 88 1
747 990 1
469 225 1
603 864 2
447 459 2
55 727 1
658 622 1
93 465 2
364 576 1
5 454 1
669 265 2
750 350 1
523 953 2
849 520 2
259 506 2
502 779 1
916 122 2
161 751 1
598 473 1
369 440 1
369 460 1
393 377 1
847 140 2
757 388 1
212 70 1
724 433 2
635 593 2
657 825 2
175 830 2
781 729 1
591 707 2
418 993 1
352 566 1
148 377 1
921 898 1
544 701 1
897 730 1
243 720 1
660 475 1
590 814 2
329 134 1
847 197 2
655 622 2
694 546 1
761 957 2
659 593 2
803 149 1
987 4 2
758 996 2
760 100 2
384 641 2
273 489 2
719 821 2
89 802 1
804 544 1
680 283 1
707 720 1
418 226 1
399 403 2
679 644 2
130 174 1
376 610 1
701 11 2
572 329 1
53 870 2
516 721 1
664 755 1
959 744 1
675 840 1
761 137 2
153 145 1
479 567 2
779 192 1
980 351 2
628 526 2
349 531 2
392 899 2
394 538 1
678 884 2
356 778 2
461 182 2
12 93 2
300 319 2
555 301 1
725 428 1
799 186 1
728 572 2
866 518 2
622 118 1
825 669 1
467 741 1
321 810 2
499 950 1
966 873 1
898 318 2
783 747 2
92 877 1
55 681 1
910 177 2
758 884 1
212 555 2
579 38 1
645 541 1
52 242 2
310 476 2
583 794 2
630 677 1
597 196 1
940 936 1
89 30 1
277 317 1
53 895 1
164 980 1
690 541 1
308 127 2
586 145 2
728 253 1
33 236 1
338 3 2
927 424 2
649 476 1
316 461 2
691 732 1
723 678 2
56 715 1
481 761 1
403 767 1
16 723 2
610 229 1
346 567 2
776 390 2
441 231 1
191 661 1
543 460 2
19 610 2
99 826 2
223 142 1
269 640 2
123 399 1
108 562 1
984 456 2
67 193 2
823 433 1
202 305 1
759 378 1
69 551 2
214 964 2
83 913 2
530 547 2
594 413 1
708 377 2
210 85 2
335 580 2
8 104 1
211 748 1
274 781 2
404 632 1
918 151 2
260 330 1
315 685 2
522 693 2
929 390 1
241 879 2
98 283 1
328 626 2
831 631 2
976 717 2
94 299 2
633 584 2
297 382 1
142 1 2
230 921 2
106 382 1
846 120 1
294 295 2
302 122 1
643 21 1
938 601 1
596 700 1
97 520 1
888 675 2
877 264 1
459 900 1
544 817 2
140 404 2
408 393 1
431 650 2
569 698 2
274 307 2
953 830 1
592 556 1
124 125 2
9 862 2
215 961 2
180 849 1
287 156 2
130 624 1
529 321 2
800 498 1
570 729 2
832 792 1
672 920 1
3 909 1
197 756 2
188 272 1
141 862 2
423 200 2
950 384 2
723 32 1
373 861 1
652 834 1
375 387 2
958 641 2
840 58 2
131 373 1
949 648 1
589 751 1
736 939 1
236 296 2
52 626 2
311 806 1
247 674 2
636 9 1
831 848 2
10 710 2
737 701 2
280 270 1
131 455 2
747 41 2
640 713 2
646 836 2
19 273 2
609 137 2
165 538 2
854 816 1
351 968 2
467 264 2
524 984 2
325 475 2
574 334 2
412 1000 1
696 665 2
313 242 2
340 653 1
160 249 2
206 998 1
151 587 1
157 566 1
61 617 2
725 148 2
533 931 2
584 97 2
648 502 1
58 952 2
812 228 2
119 880 2
833 136 2
946 487 1
238 524 2
539 432 2
149 546 2
151 744 2
807 79 1
733 565 2
519 544 1
629 184 2
883 247 1
647 929 2
52 659 2
198 345 2
189 618 1
770 800 2
929 703 2
210 167 2
680 600 1
553 827 1
450 663 2
626 440 2
884 24 1
380 712 1
32 887 1
571 46 1
206 136 1
335 859 1
135 327 2
127 3 2
516 33 1
953 819 1
587 296 1
942 673 2
635 789 1
409 555 1
293 567 2
196 740 1
423 673 1
123 555 1
175 855 1
644 693 1
319 500 2
306 82 1
721 573 2
705 446 2
491 481 2
893 811 2
110 523 1
861 36 2
27 480 1
332 169 1
559 598 1
154 524 1
325 432 1
773 577 1
659 92 2
717 686 1
171 873 2
191 147 2
145 917 2
587 160 1
415 406 1
257 836 2
907 587 1
995 104 2
203 271 1
603 67 1
487 916 2
610 56 1
833 619 2
386 430 2
428 988 2
989 263 2
325 356 1
458 728 2
663 513 1
520 945 1
434 221 1
309 425 1
656 71 2
221 748 1
664 646 1
496 99 2
813 619 2
17 272 1
47 960 2
37 317 1
402 860 1
312 992 2
8 827 2
844 469 2
82 803 2
656 746 2
57 4 1
227 935 1
214 571 2
154 592 2
51 116 2
549 85 1
863 69 2
349 353 2
602 715 2
942 634 2
979 763 1
156 569 2
968 44 2
989 703 2
322 164 1
343 745 2
751 105 1
132 904 2
882 320 2
111 315 2
289 558 2
850 508 1
782 306 2
819 445 2
510 851 1
640 664 2
103 483 1
31 936 1
233 299 1
152 839 2
926 918 2
667 501 2
40 913 2
42 592 1
375 807 1
146 973 1
294 986 2
257 556 2
817 349 1
192 650 2
830 725 2
811 387 1
63 334 2
742 486 2
158 206 2
614 650 1
701 667 1
450 111 1
542 154 2
631 643 2
137 193 1
879 917 1
980 725 1
452 337 2
424 879 1
987 825 1
382 414 2
602 542 1
1 302 2
519 458 1
667 147 1
313 403 2
264 498 2
761 310 2
374 673 2
915 220 1
138 32 2
517 858 1
48 796 1
981 53 2
553 361 1
193 304 2
24 508 1
877 829 1
84 363 2
471 755 2
650 600 1
618 726 1
614 399 2
397 921 2
66 156 2
529 966 2
200 302 2
384 853 1
28 909 2
732 293 1
93 157 1
647 191 1
98 789 2
14 395 2
649 376 1
603 954 1
273 73 2
826 638 1
934 227 2
132 184 1
823 943 2
186 901 1
916 60 1
359 797 2
661 277 1
36 20 1
891 437 2
451 6 2
317 557 1
31 836 2
919 149 2
914 949 1
545 28 2
364 542 2
496 743 2
12 99 1
520 474 2
968 797 1
940 611 2
471 513 1
277 651 2
685 301 1
634 865 1
90 828 1
503 507 1
825 220 1
261 677 2
128 28 2
742 464 1
680 235 2
923 741 2
26 496 1
201 512 1
643 9 2
744 398 2
829 129 1
529 659 1
802 260 1
235 220 1
298 872 1
945 427 1
910 701 2
347 841 1
564 326 1
741 472 2
168 472 1
814 565 1
739 296 2
524 272 1
14 316 2
176 429 1
663 363 2
740 643 2
100 93 1
476 863 1
616 739 1
728 572 1
543 196 2
480 162 1
970 643 2
776 875 2
221 143 2
402 595 1
149 985 2
406 655 1
354 35 1
298 810 2
402 713 1
985 105 2
356 122 1
100 268 1
162 683 1
775 171 1
454 19 2
85 849 1
880 755 2
532 231 1
706 853 1
990 575 1
158 548 1
241 307 1
72 256 2
984 87 2
940 145 2
115 785 2
444 64 1
317 891 1
29 569 1
730 909 2
724 22 1
103 250 1
796 245 1
179 968 1
767 470 2
561 890 1
779 960 1
946 121 2
370 7 2
735 948 1
467 482 2
415 330 1
109 386 1
804 303 1
63 82 2
580 73 1
59 370 2
480 115 1
227 352 1
800 132 2
967 732 1
666 399 1
265 620 2
564 895 2
954 235 2
617 893 2
684 845 1
704 842 2
313 147 1
530 481 1
501 752 2
897 274 1
564 136 1
997 761 2
122 684 2
409 537 1
434 667 1
970 414 1
119 512 1
851 114 2
296 769 1
123 993 1
820 681 1
625 684 1
193 736 2
709 858 1
565 818 2
524 144 1
312 94 2
752 619 2
432 409 2
175 53 1
202 199 2
384 585 1
984 747 1
817 743 2
551 275 2
398 827 1
808 284 2
54 552 1
543 426 2
38 380 2
740 911 2
904 366 1
626 942 2
615 739 2
633 766 2
63 60 1
1000 43 1
698 627 2
36 981 1
947 733 1
560 493 1
809 68 1
624 632 2
314 290 2
965 991 1
285 88 1
528 886 2
746 756 2
266 747 2
306 107 1
644 578 1
620 741 1
311 155 2
658 571 2
976 253 1
635 256 1
356 163 2
403 510 2
255 19 1
113 288 2
827 825 2
207 201 1
526 176 2
164 686 2
843 682 1
184 789 1
109 485 2
346 52 1
519 314 1
661 924 2
72 436 1
294 822 1
70 872 2
493 426 2
387 28 2
446 360 1
971 923 1
830 735 2
796 883 1
699 386 1
534 821 1
289 833 2
458 582 1
684 359 1
634 140 2
221 31 2
731 495 2
15 165 1
342 535 2
413 449 1
834 500 1
61 39 2
808 243 2
376 820 2
847 167 1
57 365 1
779 497 1
532 2 1
841 294 2
117 221 2
26 851 1
127 446 2
526 808 2
930 330 1
277 204 2
363 645 1
458 913 2
33 34 2
913 130 1
549 625 1
853 499 2
987 365 2
29 681 2
761 616 2
287 763 1
945 633 2
880 413 2
797 738 1
318 325 2
241 523 1
38 867 1
479 432 2
24 724 1
702 63 1
626 412 1
941 409 2
811 440 2
755 560 1
518 304 1
312 638 1
601 525 1
692 26 1
869 547 2
236 757 1
393 581 2
280 781 1
403 207 2
288 659 2
17 723 2
679 868 2
11 542 1
590 603 2
415 469 1
957 762 2
598 578 1
575 693 2
998 628 2
656 118 1
644 627 2
854 560 2
765 305 2
516 317 2
923 884 2
990 384 1
411 23 1
832 397 1
829 906 2
433 219 2
862 344 1
941 946 2
983 858 1
503 565 1
858 614 2
219 273 1
437 374 2
544 773 2
751 840 2
503 386 1
530 604 2
592 792 2
811 782 2
725 314 2
771 588 2
301 889 1
62 818 1
742 141 1
115 364 1
807 466 1
260 940 2
46 666 1
882 577 1
947 261 1
37 729 2
829 264 1
56 468 2
293 716 2
735 288 2
760 862 2
846 399 2
145 239 2
549 643 1
363 704 2
364 643 1
190 228 2
24 245 2
694 869 1
93 391 2
583 858 1
155 333 2
233 141 2
270 863 1
366 510 2
869 798 2
334 440 2
351 399 1
934 807 2
551 816 1
217 857 2
233 747 2
252 877 1
340 520 2
702 665 1
567 956 1
466 36 2
648 569 1
95 463 1
912 49 2
1 904 2
401 101 1
673 324 2
528 551 2
810 121 1
170 195 1
635 493 1
23 407 1
96 542 1
766 646 2
17 914 2
273 323 1
981 575 2
785 966 1
91 803 2
541 348 1
774 67 1
474 166 1
165 938 2
666 260 1
621 760 2
532 579 1
835 955 1
660 595 2
418 969 1
371 877 1
324 231 2
294 296 1
190 667 1
635 580 1
256 823 2
640 78 1
21 448 1
116 641 2
287 469 1
144 792 1
822 109 1
570 871 2
455 454 2
684 706 2
449 264 2
1 508 1
929 716 2
326 62 1
949 905 1
605 601 2
433 200 2
553 616 1
245 386 2
894 684 1
528 596 2
969 567 2
501 57 1
658 718 1
544 174 2
264 616 2
582 651 2
957 605 2
260 415 1
835 632 1
898 404 1
51 46 2
706 571 1
100 503 1
917 465 2
357 447 1
694 876 1
792 12 1
354 647 1
105 936 1
251 719 2
473 449 2
70 932 1
484 301 1
393 967 1
327 851 1
501 708 1
267 754 2
894 775 1
920 141 1
190 79 1
487 546 2
946 74 2
303 211 2
420 854 2
613 245 2
580 206 2
825 367 1
211 78 2
357 509 2
354 423 2
474 697 1
980 251 2
514 620 1
497 904 2
863 704 2
886 254 2
960 909 2
362 492 1
382 519 2
234 450 2
404 908 2
485 539 2
336 502 2
858 400 1
956 260 1
101 199 2
936 751 1
511 412 1
327 4 1
143 765 1
436 585 2
893 287 2
718 926 2
80 16 1
128 829 2
716 131 1
546 981 2
178 841 2
610 650 2
821 342 2
367 601 1
987 194 1
752 199 2
198 502 1
294 857 2
298 354 1
222 701 1
819 555 2
240 413 1
759 123 1
213 551 2
658 331 1
5 471 2
311 982 2
551 951 1
26 712 1
772 68 1
481 328 1
117 670 2
920 652 2
965 667 2
351 957 2
513 207 2
239 829 2
882 482 2
356 522 2
824 288 2
459 84 1
59 401 1
87 688 1
896 415 2
665 431 1
368 173 2
313 236 2
288 150 2
573 367 2
849 146 2
49 68 2
398 11 1
41 837 2
242 412 2
594 715 1
586 38 1
150 766 1
961 443 1
669 725 1
680 415 1
81 86 2
385 274 1
937 494 2
307 83 1
76 321 2
905 60 2
763 84 2
885 931 1
535 773 2
357 987 1
308 972 2
124 818 1
491 68 2
845 101 1
774 874 2
663 449 2
258 382 2
308 932 1
106 881 2
662 281 1
85 755 1
441 738 1
210 922 1
289 476 2
315 159 2
105 262 1
270 554 1
199 992 2
930 991 1
221 583 1
325 340 1
207 314 2
795 312 2
366 42 2
17 397 2
909 731 1
976 31 1
951 138 1
631 149 2
882 673 1
474 131 2
747 757 2
155 898 2
310 597 1
385 848 1
61 350 2
548 8 2
882 460 2
981 334 2
726 972 1
849 198 2
783 988 1
122 846 2
904 5 1
704 897 2
299 102 1
229 365 1
265 623 1
366 659 2
746 739 2
473 601 2
419 780 2
441 214 1
314 956 1
277 257 1
984 233 2
630 153 1
719 129 2
534 226 2
259 82 2
303 333 2
821 982 2
667 620 2
977 380 2
500 153 1
53 173 1
729 44 2
917 552 1
317 1 2
279 252 2
813 795 2
715 208 2
618 213 1
550 237 1
456 404 2
956 968 2
920 413 1
650 748 2
668 427 1
591 171 1
632 442 1
535 520 1
17 386 1
585 40 2
645 207 1
747 753 2
971 829 2
859 281 1
186 606 1
973 875 2
810 174 2
689 199 1
270 591 1
202 628 2
246 843 1
554 548 1
38 491 1
706 696 2
927 180 2
499 445 1
316 871 1
144 694 2
606 273 2
990 187 2
329 443 1
655 638 1
979 465 1
439 990 2
533 969 1
648 50 2
139 542 2
719 94 2
648 106 2
600 142 2
68 604 2
193 391 2
686 108 2
431 726 1
279 889 1
338 647 2
499 144 2
604 874 1
618 494 2
133 13 2
537 720 1
477 49 1
576 429 1
739 353 2
546 85 2
491 671 1
615 99 1
201 979 1
831 214 1
514 132 1
437 821 2
420 371 2
123 196 1
790 380 2
839 128 2
327 396 2
612 58 1
562 684 1
950 729 1
196 28 2
408 825 1
315 799 2
104 852 2
953 907 2
928 769 1
42 781 2
359 792 1
545 766 1
436 859 1
839 37 2
377 511 2
683 489 1
723 524 2
97 976 1
325 108 1
696 278 2
69 452 1
899 545 2
941 462 2
453 862 2
63 323 1
49 196 1
85 834 1
776 298 2
298 772 2
288 978 2
800 190 2
847 605 2
433 843 2
452 559 2
834 352 2
883 240 1
469 842 2
19 536 2
327 725 1
827 395 1
383 985 2
912 580 1
367 222 2
37 812 2
849 156 1
715 166 1
651 661 2
959 438 1
657 797 2
795 733 2
647 46 1
732 249 1
164 434 2
326 800 2
293 425 2
593 377 1
875 9 1
88 801 2
355 580 1
15 357 1
908 791 1
464 101 2
721 639 2
306 485 2
111 577 2
193 701 2
235 736 2
935 904 2
420 705 2
797 541 1
262 957 2
549 880 2
398 465 2
788 822 1
746 79 2
946 828 2
855 53 2
154 962 1
43 612 1
741 657 1
591 658 1
71 612 1
901 54 2
635 373 1
489 180 1
121 825 2
594 992 1
91 344 2
93 621 2
893 487 1
466 224 1
652 440 1
492 658 1
42 289 2
432 526 1
30 689 2
580 855 2
519 724 2
636 179 2
917 150 2
264 594 1
147 177 2
705 870 1
553 880 2
306 484 2
795 471 1
972 600 1
731 505 1
328 51 1
386 60 2
71 383 2
818 541 2
664 741 2
857 321 1
648 649 2
283 613 1
474 895 1
670 712 1
866 735 2
974 344 2
673 467 1
114 850 2
287 521 1
556 719 1
302 559 2
339 265 1
719 649 1
598 980 1
857 890 2
248 743 1
329 999 2
385 384 1
725 497 2
987 41 1
916 549 1
925 719 2
895 983 1
81 516 1
226 516 2
364 337 1
162 579 2
630 346 2
577 348 1
152 190 2
642 803 2
277 809 1
790 865 2
917 934 1
562 157 1
204 112 2
887 577 2
245 212 1
213 598 1
268 583 1
453 123 2
538 494 1
62 419 2
582 34 2
251 826 1
718 363 1
261 341 2
833 706 2
671 560 1
302 728 1
167 354 2
81 864 1
467 861 2
4 320 2
192 757 2
18 791 2
575 111 2
419 462 2
735 703 1
587 189 2
702 357 2
68 993 1
134 135 1
806 158 2
506 452 1
127 77 2
293 668 2
220 326 2
71 259 1
54 433 2
491 723 2
566 328 1
400 907 2
771 161 1
176 755 1
415 568 2
841 526 1
865 961 1
74 333 2
150 345 2
793 568 2
224 507 1
786 401 1
727 683 1
626 476 2
241 703 1
962 571 2
554 158 2
383 78 1
641 950 2
853 372 1
522 567 2
715 346 2
915 973 1
953 566 1
617 414 2
549 564 2
208 38 2
100 613 1
604 273 1
716 930 2
872 997 1
862 611 2
101 387 1
779 660 2
881 353 2
522 390 2
763 921 2
573 474 2
749 141 1
546 776 1
747 477 1
780 85 1
770 906 2
123 966 2
749 860 1
242 657 1
920 885 2
948 683 2
639 492 1
789 307 2
375 679 2
116 929 1
57 37 1
655 739 1
843 834 2
802 628 2
238 449 2
138 288 2
637 177 2
583 810 2
339 943 1
378 51 2
935 352 2
894 339 2
471 737 1
181 986 1
124 803 2
268 993 1
830 678 2
413 795 2
273 434 2
842 964 2
738 683 1
749 626 2
676 33 1
864 301 1
319 978 1
290 353 2
663 445 1
125 532 2
803 253 2
240 778 1
481 298 2
682 625 1
599 973 2
797 802 2
514 138 2
781 820 2
430 987 1
187 677 2
378 311 1
721 633 2
712 512 2
838 881 1
373 73 2
59 748 1
554 369 2
253 537 2
588 843 1
48 148 2
518 202 2
573 312 1
955 408 1
586 111 1
561 52 2
792 566 1
363 746 1
938 875 2
830 618 1
357 251 2
907 146 2
649 860 1
925 813 2
521 391 1
984 843 1
15 999 2
536 441 2
746 59 2
598 464 1
477 586 2
380 759 2
427 327 1
786 70 2
518 102 1
647 82 1
755 167 1
398 540 1
73 962 2
307 821 1
480 459 1
543 270 1
826 53 2
551 257 1
17 963 1
839 361 2
502 343 2
837 622 2
593 117 2
426 969 1
750 445 1
660 824 1
655 596 2
200 38 2
20 768 2
475 369 2
361 510 2
862 260 2
681 504 2
424 678 2
840 473 2
593 393 1
143 619 1
172 562 1
231 89 1
161 625 1
579 724 2
844 551 1
613 578 2
725 756 2
155 9 1
694 35 2
682 6 1
960 905 2
974 422 1
836 23 1
349 282 1
832 636 2
418 367 1
801 548 1
187 907 2
207 602 2
39 390 2
967 663 1
315 791 1
1 965 1
297 146 2
9 396 1
559 659 2
849 571 1
643 456 1
499 688 2
565 472 1
744 864 2
599 633 2
851 486 1
842 809 2
259 411 1
91 264 2
811 171 1
432 37 2
647 286 2
223 326 1
85 758 2
486 724 2
996 519 1
945 419 1
155 904 2
965 537 1
763 523 2
809 427 1
889 466 2
59 171 1
406 849 1
889 683 2
753 524 1
615 73 1
307 172 1
285 104 1
786 834 1
373 497 2
532 874 1
850 314 1
324 906 2
643 869 2
966 698 1
9 506 2
716 705 1
649 514 1
36 562 2
43 621 1
816 884 1
632 444 1
919 957 1
135 307 2
214 635 2
968 946 2
485 475 2
246 721 2
254 767 1
741 507 1
852 891 2
585 296 1
586 645 1
124 787 2
793 235 1
57 112 1
895 323 1
678 413 2
513 303 1
156 468 1
66 24 2
887 14 2
323 175 2
320 708 1
289 625 2
264 387 1
872 114 2
817 609 2
564 894 2
544 719 2
464 209 1
789 592 1
46 484 1
241 196 2
387 286 1
656 942 2
597 244 1
694 340 1
705 443 2
602 636 1
699 570 1
121 180 1
406 191 2
836 552 2
952 824 1
722 981 1
493 746 2
314 585 1
573 296 2
372 776 1
584 489 1
930 572 2
982 993 1
690 165 2
834 644 1
155 503 2
532 721 2
638 198 2
513 469 2
314 226 1
158 562 2
138 966 2
748 499 2
671 37 1
579 169 2
143 960 1
477 77 2
117 714 2
749 175 1
569 590 1
18 833 2
119 544 2
772 667 2
205 209 1
286 67 2
534 793 1
581 919 2
371 759 1
47 963 1
408 705 1
135 959 2
333 437 2
884 127 2
635 819 2
513 89 2
977 897 2
61 943 2
823 442 1
187 254 2
875 419 1
391 343 1
145 745 2
350 144 1
83 745 1
795 78 1
740 335 2
905 148 2
654 605 2
377 669 2
908 659 2
466 880 1
752 436 1
438 3 2
291 336 1
79 198 1
253 693 2
648 220 1
789 181 1
431 174 2
240 595 2
874 850 2
815 244 1
17 803 1
181 472 2
424 500 2
730 829 2
504 780 2
625 159 1
145 571 2
534 871 2
880 260 1
2 557 1
492 138 2
666 226 2
729 340 2
472 85 1
793 853 2
129 251 2
677 460 1
506 622 2
140 82 2
551 805 1
361 617 1
68 10 1
72 364 2
537 457 1
14 641 1
358 836 2
399 238 1
691 42 1
426 586 1
624 734 2
818 108 1
388 648 2
615 585 1
328 958 1
481 980 1
676 775 1
22 575 2
686 588 2
120 91 1
550 466 2
552 118 1
654 921 1
876 741 1
777 42 2
562 882 2
397 286 2
98 652 2
417 325 2
604 732 2
863 111 2
114 161 2
259 525 1
109 296 2
140 364 1
189 847 2
454 310 1
822 374 1
402 707 2
880 908 1
781 979 2
393 14 1
68 36 1
499 259 2
330 855 1
44 645 1
106 282 2
923 77 1
485 419 2
167 517 1
851 290 1
600 685 1
810 689 1
759 874 2
509 90 2
237 626 2
961 539 2
270 119 2
957 72 2
114 815 1
752 136 2
616 255 1
321 149 1
895 77 2
188 749 1
899 288 1
17 701 2
647 98 1
493 29 2
467 698 2
150 742 1
366 147 2
159 389 2
968 214 2
387 737 1
449 228 1
717 437 1
558 339 2
191 816 2
905 224 1
641 335 1
280 26 1
285 606 1
556 924 2
903 406 2
9 258 2
266 477 2
353 437 1
504 483 1
8 214 1
764 967 1
301 954 2
674 633 2
430 554 1
252 827 1
774 187 1
53 211 2
534 789 2
818 267 2
875 904 2
346 663 2
553 825 1
790 239 2
39 238 2
749 610 1
180 671 1
151 337 1
1 132 2
49 888 2
551 574 2
220 165 2
576 500 2
947 486 1
372 331 2
127 556 2
272 948 1
63 789 2
50 242 1
9 765 1
708 19 1
208 813 1
908 219 2
79 479 2
360 721 2
988 684 1
138 961 2
116 30 2
540 375 2
156 602 1
962 676 1
985 600 2
750 413 1
817 35 1
59 599 2
423 660 1
885 618 2
562 8 2
464 236 2
356 104 2
197 853 1
51 162 2
877 36 2
179 661 2
852 243 2
984 267 2
184 707 1
125 432 1
753 313 1
160 364 1
301 776 1
597 846 2
171 744 1
998 293 2
487 467 1
330 764 2
5 448 2
281 917 2
248 152 2
245 65 2
125 916 2
227 998 2
532 976 1
786 730 1
611 237 2
287 355 2
663 487 1
779 561 2
956 98 1
283 97 2
544 329 2
167 778 1
979 413 2
390 896 2
98 103 2
641 379 2
313 953 2
957 749 2
759 422 2
476 854 1
241 959 1
541 101 1
608 750 1
620 61 2
426 223 1
317 311 1
764 720 1
840 321 1
810 611 2
437 743 2
179 114 1
3 201 2
476 479 2
407 499 1
487 949 1
330 83 1
646 340 1
478 804 2
224 783 1
535 625 2
913 987 2
628 899 1
745 186 1
179 818 2
278 190 2
758 821 2
291 699 1
474 331 1
594 43 1
443 69 1
829 208 1
496 489 1
254 89 1
147 260 1
118 265 2
713 749 1
173 149 2
59 328 1
552 224 1
478 636 2
338 590 2
76 950 2
433 356 2
419 592 2
942 587 1
564 485 2
192 248 2
148 760 1
411 462 2
709 177 2
433 593 1
136 688 1
680 761 2
489 689 1
335 20 2
637 742 2
738 758 2
872 982 1
900 246 2
506 841 1
67 804 2
193 448 2
591 70 2
500 535 1
186 509 1
909 206 2
962 13 2
568 162 1
431 517 2
402 178 2
750 767 1
399 455 1
105 829 2
763 719 2
565 618 1
487 821 1
510 628 2
557 313 2
834 460 2
669 805 1
606 735 2
141 7 1
352 745 1
928 267 2
925 279 2
502 383 1
484 42 2
777 296 1
699 216 1
311 783 2
489 298 1
910 266 2
722 993 1
705 187 1
768 211 2
517 394 1
859 590 2
935 503 1
66 606 1
957 929 2
37 740 1
71 563 1
458 735 1
584 648 2
19 884 2
85 206 2
610 992 2
412 633 2
393 272 2
103 642 2
969 197 1
609 262 1
44 75 2
524 178 2
399 613 2
572 669 2
3 385 2
342 802 1
263 824 2
754 485 1
750 431 1
559 315 2
382 716 1
128 658 1
753 630 2
137 145 2
589 723 1
670 288 1
988 48 2
165 523 1
568 432 1
908 174 2
42 325 2
446 558 1
801 262 2
60 697 2
701 703 1
262 551 1
838 193 1
943 19 1
819 720 2
566 315 1
490 623 1
771 695 1
279 470 1
285 478 2
923 607 1
169 203 1
247 516 1
502 676 2
945 987 1
405 82 2
301 785 2
68 927 2
71 448 1
989 251 1
396 654 1
66 749 2
233 26 2
116 3 2
225 871 1
572 205 2
913 454 2
377 356 2
916 21 2
370 847 2
214 712 2
216 663 1
690 370 2
795 749 1
595 427 1
218 4 2
983 139 1
54 338 2
377 359 1
952 548 2
325 396 1
756 54 2
240 60 2
841 192 1
492 156 2
554 3 2
64 278 1
309 521 1
974 464 1
819 718 2
344 378 2
602 12 1
136 261 2
347 189 1
488 69 2
523 520 1
495 888 2
831 274 1
497 541 2
592 543 1
404 247 1
128 682 2
854 183 2
800 430 2
421 969 2
7 469 2
782 680 2
954 194 1
227 266 2
811 178 1
688 880 1
955 448 1
25 777 1
702 230 2
955 256 1
506 216 2
303 372 2
966 505 1
72 573 2
910 159 2
4 378 1
959 222 2
293 382 2
193 646 2
321 632 1
167 77 2
159 295 2
102 835 1
600 189 1
426 790 1
500 625 2
541 923 2
961 864 2
636 620 1
300 913 2
358 882 2
500 561 2
390 451 2
715 37 2
380 400 2
408 684 1
840 336 1
877 406 1
712 225 1
975 425 2
733 804 1
213 311 2
391 512 1
252 16 2
925 76 2
683 508 1
941 800 2
979 562 2
941 825 2
337 319 2
680 623 2
99 395 1
545 351 2
698 5 2
777 712 2
242 547 1
689 84 2
814 797 2
612 693 2
69 763 2
858 519 2
197 321 1
129 311 2
34 628 1
716 962 2
374 125 2
970 291 1
285 787 1
770 886 2
692 877 1
813 401 1
995 264 2
32 290 2
189 741 2
35 763 2
487 301 2
125 807 2
952 256 2
734 880 1
967 740 2
791 803 1
778 714 2
65 419 1
817 241 1
286 769 1
347 185 1
609 115 1
544 334 1
273 865 2
155 55 1
545 73 1
541 205 1
678 841 1
836 715 2
491 937 2
268 343 2
670 951 1
635 342 2
938 486 2
732 763 2
541 530 2
752 10 1
243 406 1
498 554 2
488 596 2
86 637 1
692 830 1
891 39 2
328 295 1
664 116 2
652 330 1
196 548 2
715 729 1
714 483 2
202 709 2
688 111 2
770 405 1
976 697 2
649 384 1
102 490 2
797 296 2
327 401 2
944 274 2
604 329 1
587 37 2
325 364 1
392 236 2
684 598 2
7 550 1
238 858 2
758 982 2
434 57 1
389 726 1
477 256 2
729 962 1
54 731 1
323 1000 1
724 292 2
372 36 1
757 369 2
419 518 2
601 844 1
116 396 2
423 557 2
644 615 1
790 941 2
397 89 1
916 232 1
849 449 2
957 672 2
407 147 1
80 235 2
578 118 2
317 8 1
470 668 1
775 356 1
647 591 2
237 631 2
933 675 1
591 798 1
291 754 1
443 646 2
508 118 2
658 56 1
6 224 2
168 971 2
744 898 2
565 600 1
420 952 2
522 798 1
369 337 1
936 224 2
825 250 1
807 725 2
873 537 2
330 149 1
822 377 1
770 918 2
200 555 1
144 544 2
934 936 2
677 155 2
500 512 2
826 238 1
50 631 1
899 199 1
869 371 2
410 962 2
260 971 1
767 1000 2
862 684 2
290 585 2
215 976 2
661 694 2
591 2 2
609 565 2
587 731 1
196 768 1
71 138 2
330 659 1
967 729 1
726 782 2
350 290 2
801 207 2
16 205 2
140 449 1
384 116 2
603 111 2
118 314 2
418 792 1
789 345 1
961 869 2
190 86 2
28 676 1
462 642 1
1000 173 1
403 367 2
243 268 2
634 436 1
393 990 2
406 413 1
855 995 1
750 249 2
424 221 1
270 67 1
298 589 2
218 15 1
939 980 1
465 740 1
813 850 2
616 295 1
665 449 1
336 78 2
602 898 2
351 122 1
740 451 1
242 245 1
143 151 1
101 994 1
861 159 1
647 335 1
322 584 2
562 828 2
834 696 1
157 159 1
543 169 1
673 375 2
519 389 1
368 625 1
675 689 2
33 587 1
207 156 2
803 970 2
466 989 1
858 103 2
157 428 2
876 864 1
284 593 1
931 160 1
523 584 2
332 381 1
792 181 1
295 610 2
310 620 2
892 80 1
740 502 1
30 265 1
775 886 2
981 419 1
56 909 1
904 27 1
945 977 1
195 954 1
434 518 1
402 338 2
896 931 1
448 233 2
294 783 1
921 486 2
907 998 2
162 296 1
355 981 2
83 471 1
217 493 1
92 894 2
609 851 2
723 973 2
820 486 1
907 631 1
372 519 1
49 72 2
566 747 1
324 64 2
565 834 1
98 382 1
103 110 2
230 331 1
801 994 1
745 932 1
696 169 1
657 525 2
74 62 2
320 357 2
745 262 1
4 269 2
369 926 2
502 182 2
631 440 1
843 495 2
229 628 1
501 866 1
745 286 1
221 110 1
150 867 1
664 58 1
945 145 1
185 863 2
739 138 2
375 517 2
679 546 1
272 1 1
283 141 1
311 413 1
913 962 1
627 275 1
575 488 2
730 795 1
286 933 1
186 494 1
869 89 1
215 98 2
625 173 2
142 616 1
111 922 2
767 255 1
227 688 2
867 74 1
58 752 2
205 864 2
489 367 2
302 793 1
868 723 1
712 250 2
12 931 2
479 872 1
710 178 2
791 469 2
455 372 1
228 143 2
64 882 1
872 100 2
563 985 1
634 740 2
74 235 1
38 456 2
197 591 2
528 319 1
910 847 1
174 170 1
905 735 1
226 156 1
923 184 2
965 503 1
215 95 2
262 432 2
30 708 1
729 549 1
491 52 1
623 310 2
426 416 1
290 349 1
291 594 1
956 635 2
766 615 1
636 826 2
969 697 1
332 965 2
766 310 1
91 959 1
752 68 2
537 778 2
851 270 1
130 533 2
74 952 1
390 716 2
852 725 1
433 178 2
15 223 1
70 314 2
662 9 1
65 358 1
450 663 2
490 993 2
536 625 1
919 447 2
950 475 2
831 650 2
864 194 2
882 829 2
301 549 1
946 676 2
618 843 2
609 80 1
936 885 2
401 657 2
864 414 1
582 342 1
130 442 1
448 287 1
379 604 1
216 497 2
327 316 2
780 596 2
40 235 2
433 166 1
698 354 1
119 892 2
54 87 1
316 225 2
723 709 1
537 535 1
380 738 1
105 724 2
815 793 2
920 106 2
712 393 2
791 639 2
937 637 2
956 112 2
203 702 1
750 145 1
237 39 2
897 929 2
713 539 1
271 757 1
341 246 2
465 904 2
949 130 2
210 697 1
773 932 1
606 194 2
937 694 2
963 441 2
513 903 2
890 226 1
163 21 2
40 369 1
805 892 2
50 881 2
84 493 2
771 976 2
884 743 2
861 546 2
371 63 2
576 240 1
770 626 2
277 275 2
879 149 1
707 266 2
76 649 1
41 815 1
18 28 2
104 599 2
928 503 1
959 169 1
473 350 1
296 777 1
470 440 2
209 338 2
185 615 1
747 617 2
884 803 2
802 147 2
972 674 2
927 506 1
649 906 1
525 230 2
921 703 2
669 235 2
777 73 1
107 334 2
210 419 2
3 835 1
311 696 2
591 55 1
47 260 2
523 917 2
1 998 1
304 15 2
617 976 1
735 188 1
60 371 1
962 747 2
1 105 2
310 457 2
480 456 2
585 591 1
864 223 2
974 791 1
102 215 2
403 892 2
512 602 1
783 96 2
461 962 2
106 597 1
576 387 2
705 768 1
4 41 1
83 149 1
533 542 2
907 544 2
945 389 1
366 944 2
284 822 2
744 22 1
463 827 1
946 449 2
988 677 2
279 529 1
902 991 2
931 371 1
57 494 1
534 761 2
877 710 1
395 368 2
413 177 2
467 859 2
250 79 1
219 103 2
712 170 1
647 691 1
529 630 2
245 323 1
334 391 2
201 986 1
10 21 1
904 293 2
224 181 1
52 920 2
213 145 1
15 603 1
211 174 2
797 164 1
297 773 1
910 818 1
85 665 1
349 230 1
441 518 2
265 358 2
623 533 2
534 774 2
991 139 2
755 802 1
797 963 1
684 894 1
386 872 1
729 835 1
25 424 2
274 115 2
146 191 2
601 350 2
493 76 1
591 953 2
861 386 1
546 841 2
968 418 2
396 949 2
345 289 2
17 175 2
481 572 2
405 733 1
601 364 1
933 765 1
1000 746 2
473 314 2
652 508 1
111 929 1
194 663 1
614 966 1
337 755 1
546 649 1
811 505 1
709 441 2
319 806 1
388 993 1
239 107 1
830 398 2
440 683 1
494 393 1
633 794 1
115 998 2
700 535 1
672 292 1
863 213 1
814 783 1
312 778 1
556 413 1
694 625 2
187 746 1
201 100 1
574 75 2
700 255 2
243 499 2
647 443 1
669 289 2
951 195 1
207 740 1
831 384 2
120 109 1
254 990 2
227 79 2
592 983 1
806 597 2
804 423 2
790 29 2
563 717 1
979 974 2
523 426 1
205 806 1
85 267 1
902 281 2
433 976 1
48 646 2
491 767 2
808 731 1
401 358 2
397 984 1
850 410 2
334 745 2
720 458 2
665 274 2
426 892 1
767 261 1
178 559 2
846 853 2
365 173 2
768 521 1
721 81 1
607 119 2
577 613 2
652 614 2
498 611 2
855 15 2
375 107 2
281 761 1
876 325 2
504 708 1
806 164 2
733 130 2
973 147 1
232 466 2
248 730 2
352 1 1
219 833 1
342 427 2
783 228 2
482 174 1
61 26 2
26 406 1
301 365 1
533 964 1
155 263 2
347 703 1
647 901 2
829 322 2
321 165 2
3 970 1
108 28 1
971 887 2
99 134 2
6 165 1
518 430 1
304 977 1
725 409 2
528 66 1
541 808 2
278 186 2
938 453 2
757 486 1
252 81 1
715 951 1
807 121 2
178 336 1
9 685 2
550 612 1
292 822 2
793 473 2
637 419 1
507 441 1
478 541 1
